109	19	10
229	30	4
255	0	10
255	75	10
255	169	10
104	34	10
195	203	4
125	185	4
26	108	4
47	95	4
177	54	9
197	290	4
131	194	4
210	139	7
127	205	10
147	37	5
141	59	10
179	183	10
249	206	8
82	3	4
110	278	8
44	185	4
52	23	5
115	258	10
187	112	9
62	1	10
141	108	8
78	197	10
217	32	9
121	270	10
120	32	9
34	107	4
178	146	6
234	135	6
179	201	10
53	116	4
269	96	9
255	10	10
281	74	10
126	4	10
235	15	10
279	102	10
209	290	4
126	130	10
285	82	10
273	242	4
38	117	7
113	108	4
272	30	4
0	9	5
26	137	7
2	204	9
167	198	4
15	30	4
72	223	5
255	231	10
197	91	7
248	213	10
79	14	6
45	246	4
145	103	4
149	239	9
189	30	4
99	70	10
65	32	9
127	187	10
193	239	9
236	191	4
181	20	4
259	74	10
184	23	5
70	107	4
53	204	9
53	112	9
163	112	9
167	290	4
199	32	9
28	32	9
154	227	8
215	7	6
92	216	7
274	185	4
46	220	4
131	111	4
279	7	6
255	219	10
179	175	10
259	50	10
109	34	10
127	219	10
279	10	10
141	30	4
127	99	10
82	122	4
159	135	6
18	173	9
138	168	9
240	30	4
240	239	9
209	54	9
181	116	4
149	153	6
132	60	7
260	62	10
279	271	7
275	239	9
209	198	4
156	20	4
2	265	9
155	57	9
287	227	4
74	40	10
140	290	4
179	209	10
109	107	4
257	257	10
285	290	4
34	7	6
281	39	10
279	126	5
136	56	4
252	168	9
110	258	10
126	67	10
6	54	9
142	239	9
279	108	4
87	139	7
132	63	7
196	238	4
149	111	4
127	251	10
22	276	7
46	276	7
141	94	9
207	143	10
157	32	9
19	239	9
279	259	10
47	135	6
174	54	9
207	167	10
126	50	10
101	170	9
110	103	4
127	125	10
279	231	10
109	96	9
279	81	10
70	194	4
114	109	10
275	271	7
157	203	4
131	247	4
140	117	7
109	134	10
281	30	4
46	139	7
110	175	10
110	264	10
79	191	4
207	125	10
260	90	10
62	214	8
285	205	10
105	135	6
44	57	9
101	56	4
279	174	10
83	239	9
87	168	9
165	283	10
280	44	10
29	261	5
13	103	4
50	188	7
165	123	10
121	52	10
254	243	4
288	54	9
50	173	9
207	288	10
49	32	9
257	7	6
52	139	7
164	9	7
65	200	4
165	78	10
87	189	10
192	14	6
285	7	6
6	135	6
118	94	9
136	108	4
78	135	6
252	37	5
176	202	9
118	168	9
201	176	10
11	217	10
257	287	10
99	135	6
211	221	9
126	120	10
281	78	10
136	290	4
201	284	10
183	198	4
8	96	9
129	239	9
253	238	4
155	112	9
228	135	6
189	91	7
260	123	10
52	276	7
141	233	10
262	135	6
115	282	10
151	204	9
65	185	4
233	94	9
105	146	6
131	276	7
279	122	8
260	98	10
110	1	10
26	116	4
22	116	4
260	168	9
73	226	10
236	107	4
207	168	9
163	71	7
165	222	10
199	108	4
143	247	4
163	290	4
80	146	6
281	239	9
245	198	4
273	94	9
158	54	0
219	190	9
104	256	10
215	82	10
153	284	10
0	139	7
229	29	10
236	111	4
145	54	9
141	159	10
118	278	4
141	165	10
64	54	9
288	56	4
123	168	9
272	185	4
126	40	10
115	151	10
257	36	10
143	108	4
255	133	10
74	290	4
62	217	10
115	104	10
115	74	10
22	173	9
115	226	10
101	152	4
115	82	10
150	125	10
177	286	9
22	135	6
68	198	4
148	216	5
287	198	4
183	37	5
11	290	4
157	96	9
210	95	4
269	58	5
76	111	4
26	30	4
141	52	10
110	290	4
196	290	4
209	268	4
260	46	10
255	114	10
76	170	9
231	103	4
234	76	10
201	55	10
133	122	4
251	116	4
253	221	9
257	80	10
76	276	7
254	172	4
233	70	10
211	135	6
279	87	10
257	95	4
181	203	4
33	70	10
127	113	10
259	209	10
255	38	10
61	108	4
101	267	9
72	14	6
180	91	7
281	199	10
178	266	4
2	32	9
270	172	4
89	171	9
87	83	10
207	37	5
62	262	10
259	106	10
279	272	10
290	54	0
100	233	10
192	152	4
272	171	9
80	220	4
144	168	9
260	254	10
165	138	10
179	285	10
184	220	4
115	256	10
120	238	4
104	146	6
1	198	4
38	54	9
259	40	10
136	171	9
141	144	10
207	32	9
99	145	10
141	102	10
104	277	10
159	231	10
252	198	4
127	256	10
288	203	4
18	238	4
207	29	10
34	213	10
269	17	10
104	51	10
255	131	10
257	289	10
154	192	10
248	44	10
287	56	4
259	143	10
62	142	10
140	54	9
185	107	1
259	38	10
69	31	8
288	190	9
258	108	4
102	126	5
27	146	3
274	267	9
127	141	10
165	198	4
19	290	4
179	160	10
133	94	9
174	94	9
98	116	4
255	136	10
253	146	6
127	109	10
162	238	4
80	238	4
209	146	6
93	146	6
109	217	10
272	32	9
207	52	10
279	38	10
44	171	9
141	43	10
72	32	9
148	57	9
5	57	9
62	34	10
154	181	10
249	103	4
139	146	3
104	192	10
175	3	8
289	30	4
255	189	10
19	95	4
177	170	9
259	113	10
170	171	2
53	94	9
28	95	6
280	289	10
142	168	9
130	116	4
257	258	10
53	135	6
281	245	10
15	203	4
207	187	10
28	57	9
136	77	9
61	146	6
279	50	10
165	120	10
115	95	4
177	14	6
104	279	10
126	69	10
281	54	9
269	135	6
281	99	10
50	238	4
179	36	10
256	124	9
102	94	9
201	200	8
213	202	9
259	158	4
234	134	10
279	60	5
100	123	10
281	203	4
0	152	4
133	57	9
251	57	9
38	239	9
56	172	1
249	116	4
82	220	4
281	56	4
115	140	10
1	267	9
126	5	10
123	220	4
115	46	10
163	77	9
85	103	4
281	258	10
164	54	9
44	42	7
234	107	4
215	78	10
98	111	4
260	7	6
187	135	6
153	51	10
113	30	4
123	233	10
252	128	10
87	238	4
79	243	4
165	105	10
179	276	7
0	9	7
148	32	9
143	283	10
110	163	10
69	243	4
193	7	6
207	113	10
153	192	10
51	124	9
222	14	6
192	32	9
165	207	10
141	4	10
285	118	10
126	88	10
109	30	4
98	139	7
213	135	6
145	198	4
288	116	4
59	54	9
179	43	10
155	54	9
279	20	4
25	218	7
99	123	10
102	168	9
165	275	10
279	4	10
34	123	10
236	116	4
233	95	4
126	212	10
192	95	4
36	194	4
65	214	4
285	168	9
136	112	9
260	25	10
175	32	9
257	32	9
115	159	10
213	185	4
5	221	9
87	202	9
114	175	10
259	233	10
216	14	3
121	185	4
252	217	10
257	52	10
270	94	9
275	30	4
143	87	10
104	129	10
78	173	9
281	32	9
192	3	4
76	57	9
149	173	9
176	290	4
69	116	4
255	101	10
145	108	4
259	83	10
248	142	10
260	130	10
288	185	4
104	18	10
104	176	10
89	137	7
74	185	4
115	102	10
281	187	10
1	94	9
0	173	9
53	95	4
164	146	6
55	103	4
100	272	10
164	202	9
196	107	4
143	185	4
89	266	4
99	168	9
179	144	10
89	203	4
36	103	4
279	212	10
156	198	4
109	187	10
73	178	10
33	260	10
99	37	5
217	7	6
260	282	10
233	124	9
229	236	10
205	146	6
109	254	10
78	269	10
24	135	6
19	146	6
150	37	5
259	139	7
111	94	9
209	30	4
196	221	9
252	107	4
177	95	4
113	239	9
207	199	10
207	240	10
236	238	4
149	172	4
34	87	10
84	14	3
29	239	9
83	14	6
86	95	4
229	170	9
259	277	10
62	79	10
257	212	10
80	94	9
62	147	10
228	14	6
142	135	6
279	287	10
235	211	10
104	151	10
164	100	7
121	83	10
18	32	9
224	208	7
195	1	10
0	112	9
209	7	6
141	228	10
272	94	9
179	258	10
187	111	4
199	23	5
212	98	10
126	174	10
98	14	6
49	112	9
288	204	9
233	265	9
165	189	10
165	205	10
218	14	3
141	93	10
127	86	10
163	32	9
53	32	9
80	170	9
165	27	5
166	14	3
209	32	9
269	185	4
257	61	10
165	134	10
175	82	10
115	197	10
259	18	10
159	117	7
11	118	10
184	238	4
159	58	5
5	152	4
205	135	6
132	146	6
101	111	4
83	71	7
78	168	9
110	102	10
106	239	9
68	30	4
260	55	10
174	91	7
53	54	9
259	290	4
65	202	9
155	238	4
264	202	9
61	112	9
149	91	7
85	32	9
110	78	10
153	29	10
25	62	10
249	227	8
175	5	10
289	71	7
257	172	4
184	7	6
279	144	10
51	32	9
127	76	10
273	31	4
74	91	7
92	290	4
109	276	7
280	222	10
254	173	9
88	14	6
282	79	10
52	203	4
175	215	10
74	266	8
217	185	4
157	95	4
121	109	10
160	221	9
235	41	10
79	185	4
166	146	3
165	273	10
87	229	10
26	200	4
257	92	10
62	68	10
162	108	4
62	209	10
109	137	7
260	186	10
109	114	10
279	143	10
13	263	7
69	108	4
123	290	8
215	160	10
79	227	4
257	210	10
260	145	10
175	220	4
155	103	4
9	7	3
252	9	7
110	69	10
236	146	6
183	204	9
175	116	4
209	239	9
281	124	9
141	141	10
94	54	2
260	252	10
115	156	10
222	238	4
215	209	10
201	74	10
263	94	9
8	172	4
62	47	10
43	173	9
207	116	4
62	17	10
121	190	9
279	18	10
207	124	9
143	239	9
0	221	9
127	285	10
179	74	10
45	96	9
113	9	7
175	278	4
74	247	4
118	238	4
55	170	9
174	103	4
150	107	4
175	138	10
134	191	4
207	210	10
277	171	9
0	7	6
260	214	4
115	139	7
141	278	4
110	176	10
109	184	10
155	135	6
279	229	10
114	128	10
114	140	10
101	283	10
211	198	4
55	32	9
85	7	6
232	108	4
248	182	10
38	146	6
260	272	10
143	159	10
157	185	4
110	55	10
36	239	9
61	30	4
184	102	6
259	175	10
1	241	4
127	159	10
136	135	6
244	266	4
127	82	10
223	146	3
210	137	7
13	30	4
28	94	9
113	54	9
282	123	10
110	282	10
167	117	7
62	193	10
62	169	10
248	254	10
93	194	4
184	96	9
111	94	9
179	53	10
257	96	9
24	116	4
59	241	4
69	171	9
45	32	9
179	1	10
199	239	9
46	170	9
101	103	4
46	243	4
110	5	10
25	152	4
50	135	6
257	239	9
257	264	10
175	227	4
78	172	4
196	135	6
126	180	10
134	135	6
34	118	10
207	271	7
125	30	4
281	67	10
78	259	10
145	96	9
285	135	6
120	30	4
80	77	9
63	146	3
76	185	4
141	11	10
129	107	4
235	193	10
33	146	6
115	216	7
236	267	9
11	108	4
163	278	4
222	200	4
141	178	10
26	7	6
256	32	9
226	185	4
115	205	10
260	181	10
259	199	10
279	105	10
237	171	9
62	159	10
11	124	9
142	173	9
201	133	10
237	30	4
44	190	9
86	14	6
99	290	8
127	231	10
142	238	4
15	206	4
49	124	9
87	288	10
149	54	9
115	277	10
109	264	10
257	134	10
78	96	9
156	96	9
261	146	3
179	79	10
132	54	9
53	202	9
99	271	7
196	146	6
123	236	10
78	43	10
255	205	10
102	278	4
102	108	4
28	23	7
18	124	9
225	135	3
164	37	5
33	3	4
79	91	7
201	108	4
207	28	6
62	219	10
127	70	10
104	45	10
179	288	10
212	214	8
257	22	10
70	190	9
264	190	9
155	124	9
46	124	9
18	202	9
11	36	10
126	209	10
260	40	10
101	135	6
61	57	9
287	57	9
179	103	4
18	111	4
279	155	10
127	184	10
56	57	0
233	80	10
62	94	9
201	30	4
165	95	4
165	200	4
153	256	10
289	168	9
82	265	9
121	72	10
269	273	10
236	290	4
109	93	10
155	200	4
62	270	10
78	156	10
65	239	9
142	266	4
74	267	9
126	76	10
209	107	4
127	111	4
36	267	9
25	59	10
212	135	6
252	185	4
175	162	10
157	146	6
207	123	10
45	171	9
289	146	6
134	95	4
62	181	10
159	35	5
176	23	5
234	98	10
222	168	9
62	175	10
207	112	9
155	96	9
154	5	10
28	56	4
274	161	7
163	146	6
259	244	10
120	278	4
249	228	10
175	206	4
110	270	10
65	161	7
187	7	6
271	146	3
165	14	6
61	58	5
141	72	10
193	188	7
25	78	10
245	103	4
6	117	7
11	135	6
220	204	0
273	112	9
88	161	7
257	142	10
215	35	5
15	185	4
187	124	9
257	198	4
18	57	9
149	265	9
61	227	4
62	40	10
10	103	4
165	101	10
140	146	6
114	168	9
104	274	10
25	39	10
109	182	10
260	182	10
289	56	4
127	25	10
234	221	9
78	29	10
102	116	4
179	257	10
88	290	4
115	121	10
75	96	9
275	94	9
165	91	7
109	22	10
114	180	10
216	7	3
93	168	9
149	116	4
219	116	4
183	290	4
255	280	5
249	267	9
279	275	10
187	16	7
165	245	10
165	133	10
62	185	4
280	64	10
283	111	4
177	103	4
26	203	4
167	94	9
255	155	10
141	96	9
26	94	9
165	287	10
43	54	9
127	177	10
280	177	10
175	30	4
212	114	10
187	95	4
90	3	4
187	290	4
121	290	4
179	239	9
34	137	7
118	158	4
102	103	8
110	230	5
215	198	4
141	147	10
210	198	4
112	124	2
51	146	6
186	137	5
104	159	10
257	231	10
49	268	4
141	190	9
98	185	4
207	182	10
154	263	7
61	95	4
198	243	1
164	239	9
126	82	10
114	253	10
2	91	7
106	20	4
83	96	9
131	185	4
127	142	10
28	3	4
160	112	9
159	137	7
104	113	10
143	125	10
154	272	10
64	168	9
85	168	9
115	157	10
242	54	9
26	173	9
271	94	9
260	32	9
257	259	10
219	135	6
92	227	4
105	95	4
18	116	4
279	151	10
98	146	6
283	30	4
279	43	10
279	183	10
133	238	4
164	194	4
98	30	4
287	290	4
179	54	9
61	111	4
256	103	4
279	179	10
114	279	10
179	105	10
217	30	4
22	23	5
165	226	10
249	111	4
134	91	7
115	196	10
259	150	10
76	116	4
178	173	9
259	51	10
277	94	9
149	108	4
252	238	4
115	127	10
283	14	6
280	255	10
187	12	7
259	81	10
141	271	7
244	95	4
8	135	6
232	290	4
189	63	7
260	36	10
160	290	4
126	46	10
180	116	4
15	96	9
176	77	9
126	147	10
110	169	10
34	30	4
195	191	4
189	111	4
159	55	10
176	190	9
199	242	4
71	135	3
55	30	4
150	14	6
65	30	4
109	91	7
127	144	10
257	109	10
186	238	4
249	29	10
165	218	7
150	231	10
282	100	5
211	206	4
175	290	4
1	243	4
259	114	10
120	265	9
279	219	10
283	116	4
22	96	9
260	244	10
229	238	4
259	33	10
176	57	9
258	214	4
232	171	9
115	175	10
127	157	10
228	54	9
55	271	7
165	106	10
183	238	4
59	108	4
255	262	10
234	30	4
257	79	10
133	111	4
162	290	4
259	87	10
79	242	4
248	132	10
259	259	10
143	95	4
44	243	4
179	214	8
11	168	9
133	112	9
251	112	9
49	137	5
148	107	4
74	94	9
179	143	10
157	94	9
28	202	9
156	94	9
99	280	7
193	30	4
134	54	9
145	137	7
131	146	6
147	238	4
100	51	10
163	137	5
195	185	4
175	50	10
73	80	10
165	53	10
280	7	3
112	94	9
149	96	9
69	191	4
62	166	7
179	37	5
240	96	9
110	219	10
82	185	4
87	75	10
110	209	10
279	78	10
109	201	10
149	135	6
259	154	10
274	168	9
51	278	4
115	44	10
212	146	6
165	72	10
257	87	10
109	149	10
254	239	9
44	108	4
179	115	10
199	95	4
260	177	10
165	255	10
236	30	4
62	96	9
206	54	9
196	268	4
195	96	9
121	286	9
70	100	7
287	173	9
141	39	10
270	108	4
132	198	4
178	139	7
269	266	4
255	164	10
19	96	9
232	54	9
55	73	6
98	108	4
260	148	10
1	96	9
5	239	9
226	32	9
110	159	10
289	198	4
222	202	9
62	274	10
141	132	10
108	94	9
104	27	5
114	7	6
235	53	10
38	198	4
127	186	10
141	65	10
69	238	4
179	148	10
76	30	4
110	240	10
68	185	4
18	227	8
260	224	10
49	168	9
127	275	10
141	69	10
229	19	10
259	79	10
76	194	4
255	206	4
165	147	10
274	32	9
179	50	10
181	206	4
272	103	4
147	227	4
108	54	9
138	190	9
130	27	7
104	8	10
2	77	9
249	243	4
180	112	9
233	190	9
127	22	10
70	20	8
104	251	10
104	133	10
118	54	9
142	3	4
115	280	5
207	85	10
76	32	9
25	95	8
75	194	4
201	37	5
5	137	7
249	190	9
226	94	9
131	267	9
98	206	4
199	166	7
193	220	4
38	103	4
115	219	10
272	135	6
143	112	9
15	135	6
207	25	10
255	106	10
109	47	10
233	37	5
99	96	9
74	207	10
78	108	4
215	10	10
105	286	9
79	238	4
236	57	9
262	267	9
193	14	6
260	219	10
122	57	0
109	89	10
55	7	6
164	139	7
117	7	3
115	244	10
141	226	10
207	181	10
165	87	10
104	75	10
281	25	10
62	260	10
104	201	10
114	14	6
104	0	10
25	32	9
70	96	9
93	266	4
226	23	7
212	95	4
27	135	3
207	222	10
155	202	9
279	110	10
129	290	4
48	14	3
244	242	4
285	221	9
245	239	9
234	94	9
145	71	7
127	193	10
181	135	6
155	185	4
179	155	10
83	54	9
222	239	9
37	146	3
62	132	10
179	39	10
104	272	10
159	96	9
59	14	6
120	239	9
214	54	0
165	175	10
39	276	7
22	7	6
213	94	9
89	54	9
257	37	5
141	264	10
140	30	4
127	32	9
150	289	10
73	69	10
282	236	10
79	103	4
1	73	7
167	54	9
113	221	9
78	19	10
11	173	9
15	122	4
260	56	4
78	57	9
110	198	4
126	145	10
115	113	10
50	96	9
132	95	4
110	31	4
102	71	7
87	193	10
236	122	8
226	168	9
8	30	4
101	185	4
279	206	4
79	190	9
141	146	6
67	239	9
12	14	3
123	174	10
68	241	4
159	103	4
253	30	4
104	131	10
212	35	5
240	135	6
74	128	10
13	117	7
207	183	10
260	189	10
255	228	10
130	96	9
90	221	9
129	30	4
126	129	10
127	249	10
61	56	4
93	280	7
179	210	10
133	202	9
140	14	6
43	227	4
127	34	10
187	221	9
123	94	9
113	95	4
197	137	5
154	2	10
118	239	9
0	158	4
150	142	10
67	135	6
6	95	4
110	2	10
196	242	4
141	277	10
126	39	10
162	30	4
34	275	10
179	141	10
260	215	10
179	166	7
53	290	4
141	29	10
104	270	10
53	137	5
174	146	6
115	274	10
75	116	4
186	152	4
217	117	7
109	59	10
154	51	10
62	32	9
233	168	9
123	267	9
53	111	4
288	108	4
104	53	10
83	94	9
42	146	3
289	202	9
231	185	4
179	68	10
110	7	6
179	110	10
262	198	4
19	124	9
127	254	10
273	146	6
109	131	10
237	227	4
115	55	10
160	71	7
175	194	4
144	7	6
153	189	10
280	65	10
62	196	10
174	116	4
163	108	4
189	95	4
253	96	9
279	74	10
91	146	3
141	198	4
115	2	10
43	32	9
282	146	6
279	135	6
87	260	10
104	226	10
197	94	9
252	250	5
259	36	10
234	139	7
70	158	4
154	177	10
109	128	10
245	30	4
87	94	9
255	62	10
279	162	10
0	220	4
18	108	4
39	185	4
281	62	10
2	30	4
240	168	9
269	268	8
260	2	10
285	95	4
127	117	7
49	94	9
51	94	9
26	265	9
98	135	6
154	172	4
109	2	10
257	205	10
179	61	10
24	239	9
5	23	5
109	0	10
151	14	6
179	165	10
269	231	10
3	77	0
157	220	4
115	25	10
109	284	10
113	23	5
164	124	9
110	142	10
244	191	4
18	58	5
257	132	10
182	94	9
260	290	4
183	77	9
126	255	10
86	220	4
201	95	4
279	176	10
114	257	10
252	68	10
166	94	9
165	71	7
133	30	4
251	30	4
126	252	10
2	97	7
207	56	4
255	137	7
165	96	9
114	282	10
269	121	10
159	168	9
80	203	4
92	32	9
40	107	4
110	226	10
127	253	10
154	57	9
61	60	7
2	278	4
260	76	10
288	146	6
110	22	10
120	27	5
196	266	4
101	102	10
215	135	6
255	74	10
23	94	9
76	77	9
283	71	7
179	252	10
179	133	10
24	7	6
195	233	10
228	95	4
283	198	4
255	226	10
101	252	10
163	152	4
160	267	9
141	130	10
207	290	4
285	146	6
257	38	10
36	111	4
226	7	6
52	194	4
234	116	4
138	94	9
109	226	10
110	131	10
5	242	4
123	112	9
179	85	10
154	128	10
88	124	9
260	89	10
159	198	4
270	158	4
87	232	10
110	44	10
279	68	10
264	54	9
248	70	10
260	86	10
257	115	10
195	2	10
255	96	9
75	135	6
28	198	4
126	160	10
176	124	9
40	290	4
181	198	4
109	142	10
280	81	10
126	253	10
190	267	2
126	19	10
180	14	6
189	266	4
257	44	10
6	216	7
179	87	10
217	190	9
216	135	3
70	94	9
256	290	4
47	214	4
110	144	10
75	200	4
169	95	4
148	286	9
45	135	6
113	173	9
101	160	10
115	239	6
179	228	10
269	170	9
254	9	7
257	123	10
201	94	9
62	50	10
123	30	4
219	122	4
83	56	4
127	146	6
138	185	4
277	290	4
179	206	4
237	239	9
86	227	4
104	11	10
50	239	9
109	20	4
269	55	10
159	94	9
34	216	7
29	168	9
62	273	10
115	240	10
154	191	4
92	238	4
195	7	6
61	116	4
224	168	9
126	184	10
109	98	10
179	9	7
58	274	3
104	284	10
195	94	9
74	33	10
49	290	4
160	14	6
46	173	9
251	173	9
287	30	4
0	242	4
260	185	4
141	269	10
178	238	4
126	181	10
98	227	4
150	116	4
259	274	10
38	32	9
144	103	4
283	290	4
260	167	10
45	185	4
22	107	4
255	110	10
123	107	4
197	20	4
34	185	4
150	278	4
163	96	9
279	148	10
209	94	9
281	175	10
115	154	10
45	95	4
141	133	10
257	121	10
36	108	4
259	134	10
216	146	3
110	121	10
17	227	4
130	94	9
259	252	10
189	172	4
141	287	10
62	130	10
104	144	10
127	124	9
53	57	9
101	77	9
255	159	10
189	112	9
131	135	6
75	286	9
28	135	6
165	232	10
69	3	4
279	251	10
279	133	10
136	173	9
282	206	4
259	59	10
87	105	10
110	184	10
70	168	9
205	290	4
127	164	10
249	79	10
215	118	10
0	20	4
279	82	10
104	210	10
213	216	7
115	49	10
141	148	10
154	32	9
279	175	10
113	103	4
260	115	10
269	227	4
151	117	7
179	106	10
257	290	8
280	209	10
74	229	10
253	135	6
144	94	9
141	61	10
165	80	10
207	244	10
109	29	10
207	285	10
64	146	6
177	220	4
105	172	4
69	30	4
215	218	7
201	129	10
126	36	10
260	199	10
193	202	9
249	54	9
34	103	4
62	83	10
211	20	4
5	7	6
259	173	9
257	108	4
24	108	4
165	168	9
224	95	4
260	147	10
141	1	10
13	238	4
159	290	4
255	185	4
252	275	10
285	178	10
289	103	4
127	180	10
141	112	9
62	70	10
272	54	9
109	14	6
100	256	10
62	37	5
34	230	5
255	282	10
235	26	10
258	54	9
143	249	10
255	175	10
236	3	8
62	179	10
260	30	4
141	128	10
40	135	6
255	272	10
189	161	7
72	239	9
199	14	6
184	168	9
147	243	4
189	32	9
282	126	5
99	7	6
257	101	10
224	94	9
104	24	10
141	26	10
1	246	4
260	133	10
6	103	8
76	103	4
141	131	10
82	221	9
141	68	10
257	197	10
269	232	10
276	7	3
279	53	10
213	32	9
109	216	7
109	206	4
201	265	9
215	116	4
90	7	6
164	96	9
86	48	5
34	51	10
72	278	4
255	278	4
195	30	4
154	242	4
189	230	5
215	32	9
74	191	8
39	108	4
151	108	4
281	85	10
129	146	6
120	173	9
260	234	10
113	190	9
126	149	10
83	204	9
26	194	4
259	47	10
255	18	10
150	219	10
104	209	10
109	229	10
126	53	10
184	30	4
141	36	10
193	290	4
260	4	10
151	30	4
141	247	4
110	272	10
114	150	10
120	95	4
62	155	10
130	14	6
207	127	10
46	91	7
114	189	10
110	114	10
151	54	9
126	162	10
104	54	9
136	3	4
201	96	9
215	200	4
0	124	9
141	175	10
126	177	10
88	203	4
148	239	9
241	54	0
273	267	9
62	109	10
59	190	9
175	80	10
1	54	9
10	96	9
123	231	10
165	270	10
34	139	7
160	94	9
141	244	10
277	185	4
106	122	4
282	168	9
224	198	4
113	172	4
272	227	4
127	210	10
36	124	9
127	52	10
127	62	10
248	29	10
90	170	9
22	14	6
222	198	4
259	270	10
11	256	10
207	111	4
33	53	10
103	54	0
123	213	10
283	194	4
61	232	6
279	217	10
114	234	10
231	268	4
18	280	7
125	32	9
229	231	10
249	100	7
219	146	6
275	23	7
208	14	3
141	0	10
102	171	9
280	87	10
126	249	10
70	122	4
24	202	9
159	7	6
255	184	10
109	105	10
121	155	10
164	204	9
132	116	4
127	90	10
62	167	10
244	198	4
46	71	7
175	265	9
141	183	10
127	174	10
73	275	10
234	283	10
269	271	7
174	95	4
80	32	9
110	140	10
89	227	4
259	56	4
1	171	9
141	41	10
165	108	4
109	189	10
84	7	3
229	255	10
165	104	10
260	129	10
189	286	9
289	206	4
154	182	10
59	168	9
121	79	10
281	246	4
36	95	4
149	119	5
134	168	9
229	239	9
101	175	10
279	128	10
143	103	4
232	32	9
55	108	4
130	239	9
187	54	9
179	222	10
101	232	10
174	266	4
207	93	10
110	40	10
80	265	9
164	267	9
46	267	9
113	188	7
75	198	4
169	198	4
260	95	8
22	57	9
80	263	7
245	96	9
213	276	7
24	172	4
249	135	6
104	127	10
104	145	10
121	80	10
224	239	9
244	214	4
62	176	10
148	54	9
259	133	10
148	116	4
179	72	10
70	290	4
255	233	10
75	203	4
257	135	6
115	61	10
110	125	10
272	290	4
126	18	10
131	290	4
127	290	4
101	202	9
31	77	0
127	212	10
142	108	4
104	236	10
287	32	9
92	168	9
26	112	9
92	30	4
38	185	4
226	266	4
127	29	10
22	146	6
102	9	7
33	18	10
104	4	10
110	259	10
46	227	4
120	108	4
5	108	4
115	211	10
82	116	4
257	105	10
255	277	10
228	32	9
181	246	4
257	160	10
80	286	9
62	98	10
255	104	10
179	114	10
194	116	1
104	120	10
101	241	4
115	176	10
201	115	10
121	75	10
88	54	9
154	152	8
178	48	5
201	45	10
217	14	6
143	37	5
255	274	10
282	36	10
258	94	9
34	68	10
189	185	4
70	56	4
184	290	4
33	202	9
153	211	10
257	154	10
232	135	6
165	89	10
141	143	10
210	57	9
123	181	10
45	243	4
154	49	10
201	245	10
279	210	10
87	169	10
104	39	10
110	177	10
176	206	4
115	285	10
62	46	10
205	276	7
234	238	4
277	204	9
186	77	9
53	168	9
257	227	8
22	168	9
237	103	4
143	14	6
141	138	10
257	269	10
38	227	4
169	7	6
277	239	9
110	50	10
165	5	10
22	91	7
229	118	10
207	98	10
13	108	4
127	112	9
219	290	4
196	170	9
193	221	9
179	193	10
222	242	4
260	141	10
67	243	4
249	95	4
197	30	4
109	125	10
279	277	10
196	14	6
61	14	6
175	158	4
255	88	10
255	113	10
54	94	2
280	86	10
189	77	9
150	94	9
33	28	10
279	167	10
279	130	10
127	264	10
129	32	9
141	25	10
99	209	10
280	88	10
150	2	10
134	30	4
207	108	4
195	87	10
257	2	10
178	214	4
228	139	7
233	30	4
153	53	10
219	32	9
39	188	7
151	198	4
50	286	9
207	251	10
134	116	4
2	185	4
12	135	3
114	232	10
123	8	10
207	149	10
105	117	7
259	165	10
274	135	6
222	135	6
256	204	9
229	209	10
87	33	10
114	132	10
88	204	9
155	286	9
138	198	4
104	281	10
258	246	4
245	223	7
175	238	4
194	112	0
34	95	4
259	89	10
85	278	4
237	185	4
109	39	10
83	9	7
132	7	6
257	195	10
277	3	4
213	278	4
113	94	9
87	88	10
88	185	4
189	146	6
201	26	10
101	171	9
98	278	4
181	238	4
104	26	10
219	239	9
76	221	9
87	41	10
100	70	10
249	170	9
144	271	7
240	290	4
126	123	10
237	95	4
76	124	9
72	168	9
53	108	4
98	247	4
25	108	4
65	7	6
141	270	10
126	110	10
244	171	9
62	3	4
259	186	10
121	88	10
279	160	10
279	178	10
62	177	10
62	279	10
18	268	4
75	271	7
39	202	9
85	95	4
235	88	10
114	289	10
157	77	9
114	50	10
126	262	10
104	125	10
174	139	7
218	135	3
62	52	10
260	233	10
104	91	7
262	107	4
279	75	10
279	169	10
253	290	4
255	209	10
127	5	10
195	146	6
186	3	4
67	278	4
149	21	7
259	181	10
98	77	9
213	37	5
288	173	9
212	9	7
196	54	9
55	185	4
115	238	4
5	3	4
282	211	10
183	122	4
260	105	10
115	193	10
114	110	10
141	145	10
279	285	10
235	120	10
195	154	10
207	205	10
115	89	10
104	82	10
252	96	9
67	30	4
100	26	10
189	152	4
257	118	10
34	238	4
120	220	4
279	213	10
270	96	9
283	278	4
150	58	5
147	107	4
174	7	6
177	21	7
78	76	10
113	14	6
62	108	8
17	54	9
205	238	4
231	198	4
213	286	9
201	28	10
162	14	6
133	3	4
129	94	9
83	221	9
45	7	6
22	56	4
279	94	9
279	254	10
257	167	10
179	92	10
186	30	4
114	164	10
0	200	4
255	215	10
260	103	4
279	69	10
143	138	10
201	111	4
59	56	4
46	56	4
207	186	10
162	94	9
75	54	9
169	54	9
101	117	7
159	246	4
209	227	4
2	71	7
127	103	4
1	172	4
62	281	10
141	86	10
164	23	5
224	103	4
28	170	9
110	105	10
283	286	9
275	168	9
55	146	6
110	249	10
178	290	4
148	190	9
62	285	10
285	192	10
69	94	9
159	163	10
259	111	4
1	137	7
141	254	10
260	79	10
34	54	9
165	114	10
68	116	4
260	179	10
76	137	5
165	206	4
109	143	10
25	57	9
157	152	4
113	238	4
141	288	10
82	172	4
22	94	9
136	194	4
255	69	10
101	198	4
39	263	7
40	54	9
123	182	10
259	240	10
127	46	10
189	23	7
253	191	4
82	168	9
126	28	10
49	14	6
38	14	6
79	202	9
87	208	7
244	204	9
106	238	4
123	214	4
132	239	9
285	88	10
110	90	10
196	190	9
269	283	10
109	214	4
5	20	4
93	58	5
207	269	10
51	103	4
28	290	4
125	7	6
252	38	10
74	103	4
148	290	4
269	290	4
22	108	4
209	168	9
40	204	9
257	164	10
151	135	6
164	56	4
279	118	10
234	108	4
62	205	10
256	108	4
65	58	5
260	240	10
88	96	9
260	210	10
280	141	10
88	94	9
110	24	10
62	180	10
270	30	4
142	185	4
99	236	10
257	11	10
145	203	4
269	95	4
121	186	10
260	112	9
147	185	4
187	223	5
151	243	4
189	7	6
28	173	9
178	239	9
72	30	4
181	95	4
121	145	10
8	173	9
207	185	4
8	214	4
257	252	10
207	172	4
215	104	10
262	243	4
147	94	9
92	117	7
174	71	7
156	265	9
141	53	10
60	14	3
175	95	4
34	173	9
282	33	10
26	139	7
51	242	4
120	14	6
255	102	10
259	46	10
141	213	10
215	240	10
24	32	9
109	219	10
229	103	4
11	201	10
165	33	10
101	87	10
40	276	7
99	32	9
90	96	9
131	30	4
257	254	10
61	239	9
110	143	10
233	199	10
126	113	10
279	41	10
149	156	6
143	290	4
110	217	10
121	199	10
11	103	4
175	186	10
258	278	4
255	283	10
114	56	4
248	228	10
281	243	4
255	43	10
136	216	7
168	32	2
15	265	9
259	5	10
236	168	9
123	74	10
175	145	10
109	159	10
159	39	10
232	95	4
43	146	6
167	135	6
4	54	9
88	168	9
262	170	9
134	94	9
264	117	7
272	117	7
93	198	4
114	214	4
126	14	3
38	194	4
257	140	10
110	36	10
98	276	7
51	166	7
279	15	10
282	227	8
196	94	9
102	103	4
201	117	7
257	104	10
34	135	6
131	9	7
249	266	4
120	116	4
141	167	10
5	94	9
181	168	9
179	192	10
78	211	10
110	28	10
126	115	10
254	95	4
249	103	8
70	71	7
123	235	7
256	185	4
155	290	4
165	182	10
282	56	4
279	29	10
149	107	4
109	43	10
244	108	4
192	266	4
88	198	4
6	30	4
36	185	4
99	239	9
45	108	4
104	15	10
26	202	9
179	279	10
163	94	9
34	55	10
18	54	9
215	48	5
94	54	9
269	1	10
62	120	10
255	259	10
275	198	4
99	238	4
255	87	10
207	105	10
104	32	9
33	135	6
234	70	10
109	148	10
282	98	10
259	103	4
36	54	9
127	132	10
114	34	10
281	237	10
78	177	10
53	185	4
255	279	10
140	54	6
130	30	4
219	220	4
47	77	9
213	27	7
87	65	10
233	33	10
123	137	7
132	58	5
82	267	9
255	269	10
179	256	10
165	82	10
42	14	3
195	281	10
268	54	0
115	110	10
34	60	5
256	116	4
106	204	9
97	146	3
121	40	10
141	176	10
233	46	10
280	135	3
33	113	10
207	88	10
74	242	4
252	7	6
82	135	6
260	187	10
251	214	4
256	112	9
222	30	4
183	54	9
45	239	9
74	239	9
127	2	10
157	239	9
90	54	9
156	239	9
180	263	7
233	185	4
174	290	4
281	266	4
114	212	10
149	200	4
104	162	6
100	146	3
109	275	10
131	124	9
109	162	10
233	175	10
62	264	10
74	135	6
279	289	10
115	209	10
115	288	10
231	135	6
88	220	4
127	129	10
34	9	7
109	86	10
201	56	4
215	40	10
109	68	10
25	94	9
226	30	4
127	147	10
232	168	9
141	163	10
2	198	4
195	108	4
201	164	10
127	54	9
75	225	7
39	247	4
68	54	9
110	192	10
127	165	10
260	69	10
177	23	7
234	168	9
93	238	4
73	14	3
110	181	10
236	265	9
155	32	9
118	241	4
279	228	10
104	74	10
114	137	7
110	86	10
282	128	10
76	95	4
207	14	6
1	239	9
200	202	0
11	285	10
163	91	7
285	70	10
280	99	10
257	182	10
33	95	4
45	14	6
222	32	9
115	133	10
24	267	9
211	265	9
266	191	1
176	168	9
165	254	10
257	184	10
229	268	4
29	198	4
80	239	9
52	185	4
197	173	9
255	137	5
259	212	10
123	95	4
178	14	6
80	14	6
277	32	9
215	266	4
209	278	4
233	189	10
255	53	10
165	140	10
62	138	10
68	124	9
257	155	10
64	108	4
277	172	4
262	94	9
184	21	7
67	32	9
259	88	10
121	203	8
93	57	9
255	163	10
126	228	10
257	62	10
105	32	9
253	173	9
279	129	10
183	7	6
115	160	10
121	116	4
47	3	4
110	93	10
154	50	10
256	168	9
62	213	10
255	14	6
62	257	10
175	74	10
199	7	6
254	103	4
259	34	10
281	267	9
237	238	4
22	3	4
62	159	6
33	94	9
117	64	3
83	95	4
126	146	3
165	163	10
109	40	10
123	251	10
186	239	9
72	108	4
118	116	4
244	96	9
21	54	9
29	247	4
78	20	8
288	3	4
207	18	10
269	124	9
126	29	10
211	286	9
159	32	9
260	91	7
162	107	4
73	74	10
126	233	10
266	267	0
201	190	9
64	14	6
187	146	6
289	200	4
121	26	10
110	68	10
39	170	9
28	222	6
228	107	4
188	135	3
32	168	2
207	245	10
279	192	10
179	33	10
110	215	10
207	120	10
255	174	10
104	139	7
162	91	7
104	148	10
255	244	10
269	198	4
205	242	4
197	221	9
1	168	9
232	271	7
157	198	4
215	238	4
226	54	9
127	79	10
167	168	9
110	285	10
26	171	9
150	123	10
288	172	4
287	103	4
104	37	7
237	54	9
259	182	10
285	94	9
75	204	9
26	267	9
179	96	9
234	96	9
183	9	7
269	111	4
73	134	10
143	172	4
165	159	10
150	78	10
134	124	9
288	137	7
197	152	4
145	146	6
217	111	4
288	37	5
33	284	10
126	282	10
99	33	10
75	30	4
169	30	4
165	61	10
236	171	9
121	221	9
281	108	4
47	152	4
193	32	9
78	82	10
279	1	10
92	54	9
62	187	10
260	37	5
179	282	10
179	237	10
126	259	10
89	168	9
279	164	10
255	129	10
255	176	10
110	145	10
90	135	6
229	202	9
186	204	9
288	124	9
192	203	4
195	249	10
100	36	10
72	203	4
224	117	7
205	116	4
69	111	4
110	148	10
100	180	10
109	199	10
273	191	4
136	198	4
102	112	9
98	290	4
121	103	4
15	204	9
82	137	7
12	54	9
165	288	10
197	135	6
259	52	10
237	198	4
126	143	10
236	56	4
273	278	4
78	7	6
141	160	10
274	116	4
231	56	4
52	137	7
259	107	4
24	124	9
62	277	10
179	18	10
259	147	10
257	262	10
50	20	4
101	144	10
288	111	4
69	170	9
255	98	10
64	198	4
282	134	10
274	191	4
36	30	4
260	34	10
120	124	9
143	111	4
179	71	7
53	107	4
165	162	10
237	267	9
212	37	5
110	94	9
109	108	8
15	238	4
93	290	4
133	96	9
251	267	9
153	193	10
109	88	10
149	57	9
233	86	10
178	166	7
165	10	10
74	175	10
201	169	10
17	112	9
257	138	10
179	102	10
78	111	4
74	96	9
100	254	10
282	86	10
25	198	4
87	7	6
85	172	4
133	14	6
53	3	4
264	246	4
127	233	10
282	201	10
121	117	7
141	285	10
278	94	9
109	175	10
281	209	10
144	135	6
85	239	9
113	166	7
110	277	10
82	14	6
259	174	10
207	209	10
181	77	9
12	54	9
104	287	10
126	109	10
53	203	4
137	7	3
259	228	10
224	266	4
219	168	9
121	98	10
165	156	10
257	14	6
72	198	4
133	290	4
251	290	4
46	95	4
269	32	9
133	95	4
207	62	10
153	98	10
93	185	4
199	290	4
236	31	4
259	260	10
285	185	4
127	279	10
86	94	9
28	267	9
197	242	4
281	214	4
11	96	9
141	207	10
201	32	9
33	103	4
107	94	9
212	95	8
34	251	10
129	96	9
179	184	10
102	57	9
78	163	10
207	67	10
215	70	10
99	175	10
229	59	10
262	168	9
100	288	10
180	124	9
145	112	9
219	266	4
53	172	4
126	245	10
10	239	9
211	96	9
127	259	10
256	111	4
104	215	10
236	96	9
0	172	4
244	166	7
270	112	9
283	200	4
74	243	4
46	23	5
109	32	9
131	239	9
52	32	9
104	36	10
183	170	9
141	125	10
154	202	9
164	200	4
29	7	6
145	247	4
229	37	5
179	10	10
47	185	4
230	7	3
64	239	9
123	227	4
207	219	6
102	111	4
255	196	10
74	137	7
109	10	10
162	112	9
114	36	10
259	142	10
155	203	4
179	67	10
43	271	7
28	185	4
255	127	10
64	266	4
235	50	10
49	54	9
62	61	10
154	47	10
154	266	4
115	78	10
226	290	4
115	31	4
262	227	4
233	32	9
99	182	10
249	94	9
24	168	9
28	107	4
0	218	5
136	185	4
259	120	10
212	198	4
101	290	4
226	191	4
51	238	4
165	46	10
154	111	4
258	168	9
157	265	9
42	135	3
109	129	10
113	194	4
197	139	7
99	30	4
110	108	4
251	239	9
104	199	10
153	41	10
6	107	4
121	268	4
25	238	4
15	20	4
87	194	4
201	155	10
123	155	10
255	135	6
52	95	4
147	30	4
126	210	10
229	9	7
104	60	5
123	135	6
105	238	4
115	168	9
109	78	10
121	133	10
74	202	9
201	25	10
21	135	3
154	171	9
78	56	4
126	92	10
40	158	4
115	4	10
257	217	10
224	54	9
82	198	4
50	77	9
26	117	7
207	259	10
58	7	3
64	238	4
189	54	9
272	14	6
110	34	10
210	203	4
187	263	7
150	283	10
104	258	10
115	213	10
258	32	9
132	111	4
260	193	10
23	7	3
187	198	4
105	108	4
199	21	7
43	239	9
279	99	10
153	135	3
165	142	10
252	132	10
92	198	4
177	96	9
171	170	2
269	242	4
84	146	3
141	95	4
15	278	4
207	136	10
33	209	10
134	190	9
114	57	9
261	135	3
50	203	4
159	54	9
8	290	4
281	238	4
47	153	7
75	108	4
224	108	4
70	54	9
134	266	4
113	111	4
213	137	7
115	185	4
196	239	9
104	87	10
115	163	10
133	185	4
196	57	9
82	32	9
205	14	6
115	93	10
179	135	6
233	53	10
257	233	10
132	32	9
62	282	10
165	236	10
222	23	7
62	23	5
39	103	4
98	124	9
80	137	7
144	242	4
236	221	9
87	145	10
115	169	10
154	135	6
211	185	4
240	204	9
100	101	10
215	239	9
189	37	5
39	7	6
6	57	9
10	7	6
141	199	10
283	204	9
195	54	9
260	175	10
38	158	4
257	75	10
257	169	10
259	279	10
121	4	10
67	54	9
15	198	4
215	206	4
130	54	9
281	290	4
165	44	10
165	118	10
260	1	10
83	139	7
62	212	10
126	279	10
34	45	10
79	54	9
109	236	10
255	285	10
207	174	10
145	194	4
121	112	9
234	87	10
78	206	4
109	192	10
197	96	9
279	125	10
114	51	10
157	56	4
27	14	3
274	30	4
92	108	4
180	94	9
260	213	10
264	14	6
154	206	4
109	76	10
165	24	10
207	213	10
34	32	9
258	30	4
118	214	4
212	87	10
187	168	9
115	189	10
25	1	10
163	95	4
177	168	9
255	26	10
178	202	9
255	51	10
69	95	4
285	30	4
105	171	9
207	197	10
73	78	10
126	240	10
184	263	7
44	227	4
98	168	9
288	200	4
28	103	4
257	28	10
265	77	2
45	103	4
282	76	10
156	103	4
51	108	4
264	198	4
104	102	10
176	108	4
164	247	4
255	237	10
219	9	5
62	207	10
254	54	9
77	265	2
115	130	10
127	163	10
62	271	7
186	286	9
255	125	10
176	56	4
159	206	4
32	54	9
160	91	7
2	20	4
127	89	10
115	129	10
270	168	9
126	187	10
255	32	9
151	290	4
126	104	10
141	262	10
74	95	4
271	94	9
265	94	9
279	45	10
115	108	8
207	142	10
212	254	10
58	14	3
141	40	10
260	52	10
45	30	4
74	162	10
270	71	7
211	30	4
118	3	4
245	32	9
114	145	10
110	182	10
148	194	4
259	211	10
180	170	9
215	30	4
72	54	9
10	94	9
106	54	9
121	0	10
127	199	10
79	170	9
104	76	10
25	273	10
257	18	10
197	204	9
187	103	4
288	266	4
149	60	5
24	94	9
85	56	4
257	168	9
260	258	10
215	108	4
62	272	10
110	61	10
71	94	9
277	103	4
99	198	4
193	139	7
205	223	5
260	22	10
285	117	7
1	135	6
130	108	4
183	95	4
99	249	10
29	204	9
73	232	10
275	96	9
234	20	8
139	14	3
285	89	10
179	205	10
149	27	5
48	146	3
78	235	7
15	54	9
279	17	10
125	146	6
141	121	10
257	21	7
279	205	10
93	200	4
222	23	5
87	30	4
101	96	9
35	7	3
180	30	4
257	207	10
93	108	4
257	280	5
11	78	10
33	288	10
200	54	9
260	257	10
43	96	9
61	172	4
109	26	10
260	159	10
109	130	10
87	87	10
2	168	9
78	227	4
165	262	10
228	7	6
93	276	7
90	9	7
229	227	4
71	14	3
260	255	10
15	77	9
110	231	10
279	189	10
165	146	6
144	57	9
175	258	10
249	90	10
26	146	6
110	206	4
79	266	4
70	173	9
289	227	4
183	216	5
201	146	6
49	146	6
134	103	4
207	175	10
110	275	10
179	281	10
149	241	4
141	210	10
126	197	10
109	52	10
52	7	6
247	94	9
88	206	4
72	238	4
11	57	9
136	146	6
249	30	4
62	19	10
257	19	10
287	14	6
262	239	9
255	150	10
279	54	9
244	227	4
132	247	4
189	57	9
155	56	4
71	146	3
234	143	10
75	168	9
47	265	9
150	135	6
169	124	9
263	135	3
192	238	4
104	150	10
217	108	4
226	198	4
127	57	9
100	8	10
38	135	6
141	44	10
264	146	6
260	6	10
26	54	9
127	215	10
206	54	0
66	135	3
33	198	4
62	275	10
34	109	10
243	242	1
109	94	9
133	56	4
281	65	10
192	263	7
179	154	10
165	277	10
159	278	4
141	253	10
255	167	10
153	50	10
62	287	10
114	181	10
175	192	10
289	116	4
237	194	4
114	227	4
67	107	4
208	135	3
127	168	9
165	4	10
148	185	4
165	130	10
46	238	4
85	173	9
260	93	10
235	275	10
186	54	9
262	152	4
150	198	4
76	63	7
153	274	10
115	64	10
147	96	9
248	201	10
125	198	4
269	202	9
280	245	10
110	43	10
207	207	10
113	146	6
115	269	10
179	164	10
74	170	9
19	103	4
217	112	9
180	239	9
283	139	7
175	54	9
256	7	6
127	83	10
260	57	9
228	103	4
257	59	10
99	205	10
196	96	9
255	44	10
114	206	8
141	236	10
186	185	4
126	201	10
132	94	9
189	278	4
156	185	4
209	135	6
201	172	4
2	96	9
62	284	10
26	158	4
159	158	8
274	108	4
208	7	3
229	7	6
130	185	4
99	172	4
34	209	10
240	91	7
5	185	4
207	83	10
130	95	4
183	108	4
286	221	2
141	17	10
59	107	4
281	112	9
179	236	10
126	217	10
183	56	4
17	168	9
143	57	9
16	146	3
104	132	10
283	112	9
24	103	4
2	223	5
109	262	10
110	79	10
233	278	4
177	221	9
167	95	4
260	50	10
249	77	9
236	112	9
13	54	9
245	206	4
25	70	10
93	202	9
252	95	4
29	248	5
99	107	4
255	253	10
34	98	10
59	122	4
255	247	4
139	7	3
207	234	10
109	49	10
181	152	4
115	118	10
99	78	10
143	18	10
109	196	10
159	271	7
254	112	9
258	14	6
119	7	3
179	104	10
163	216	5
244	14	6
259	210	10
6	171	9
248	8	10
62	245	10
62	199	10
269	7	6
189	238	4
100	89	10
127	172	4
280	287	10
282	267	9
189	198	4
64	30	4
109	133	10
115	43	10
52	57	9
110	146	6
251	238	4
202	54	9
78	273	10
197	239	9
254	111	4
212	175	10
144	30	4
55	94	9
109	194	4
74	54	9
145	32	9
115	229	10
83	220	4
140	198	4
153	163	10
115	283	10
52	56	4
22	139	7
164	238	4
260	127	10
50	242	4
110	62	10
162	198	4
33	238	4
100	25	10
234	95	4
210	214	4
281	222	10
62	244	10
260	120	10
51	198	4
255	93	10
282	9	7
138	203	4
178	91	7
80	198	4
156	194	4
257	54	9
222	185	4
212	239	9
62	107	4
46	7	6
34	243	4
11	111	4
109	244	10
28	54	9
212	103	4
264	30	4
207	137	7
255	144	10
60	135	3
257	226	10
126	98	10
232	7	6
68	265	9
50	206	4
211	152	4
114	94	9
109	121	10
127	24	10
256	94	9
145	220	4
123	103	4
34	129	10
53	96	9
69	190	9
51	190	9
240	198	4
133	239	9
126	215	10
110	244	10
229	206	4
79	173	9
231	290	4
62	252	10
257	209	10
1	238	4
70	30	4
150	227	8
186	94	9
114	9	7
224	146	6
115	232	10
163	238	4
124	112	2
249	171	9
235	1	10
121	49	10
98	137	7
123	108	4
134	7	6
115	11	10
233	87	10
274	238	4
178	168	9
165	107	4
123	116	4
109	6	10
29	122	4
141	205	10
255	149	10
88	3	4
25	9	7
11	233	10
257	10	10
258	238	4
228	146	6
25	236	10
269	36	10
36	278	4
74	198	4
207	135	6
115	20	8
257	113	10
75	276	7
285	206	4
248	135	3
285	239	9
44	290	4
0	168	9
176	112	9
114	182	10
36	168	9
279	46	10
127	18	10
116	194	1
234	124	9
121	243	4
62	72	10
38	190	9
109	45	10
260	83	10
78	157	10
201	112	9
79	239	9
153	33	10
127	209	10
109	54	9
207	153	7
44	30	4
154	163	10
207	70	10
72	185	4
283	185	4
0	194	4
87	220	8
151	103	4
147	54	9
104	79	10
183	171	9
281	191	4
69	158	4
39	146	6
121	288	10
219	173	9
25	134	10
136	271	7
255	36	10
29	96	9
259	127	10
157	3	4
164	103	4
229	137	7
226	267	9
127	150	10
255	254	10
115	178	10
255	195	10
275	54	9
64	32	9
8	203	4
40	221	9
269	54	9
163	116	4
88	103	4
34	168	9
234	37	5
78	145	10
276	135	3
120	168	9
207	78	10
174	246	4
175	198	4
11	197	10
25	214	4
248	14	3
257	274	10
287	172	4
109	253	10
257	17	10
100	135	3
205	108	4
193	204	9
232	238	4
179	167	10
164	112	9
244	146	6
267	190	2
270	116	4
119	135	3
15	190	9
99	41	10
147	290	4
127	40	10
115	249	10
110	284	10
62	54	9
207	130	10
213	103	4
231	168	9
255	154	10
131	265	9
234	279	10
179	216	7
78	237	10
121	2	10
179	136	10
195	46	10
233	261	5
255	160	10
269	28	10
136	111	4
179	139	7
165	197	10
257	176	10
74	108	8
120	103	4
104	92	10
165	121	10
46	94	9
102	146	6
207	75	10
127	185	4
192	280	7
11	278	8
126	114	10
279	95	4
273	7	6
252	9	5
40	168	9
115	251	10
160	198	4
153	47	10
177	265	9
0	290	4
104	231	10
234	201	10
62	127	10
104	95	4
88	221	9
255	61	10
279	86	10
115	54	9
270	290	4
254	108	4
40	172	4
259	258	10
256	96	9
258	239	9
258	103	4
87	72	10
247	54	0
255	95	4
110	96	9
239	54	9
279	154	10
211	3	4
104	275	10
115	107	4
126	74	10
0	202	9
195	121	10
183	96	9
220	221	0
251	185	4
89	135	6
44	139	7
207	228	10
212	54	9
235	135	3
229	108	4
196	168	9
83	243	4
121	29	10
169	202	9
75	202	9
113	124	9
62	255	10
115	87	10
165	244	10
123	185	4
257	151	10
55	198	4
52	267	9
143	259	10
271	135	3
138	214	4
253	37	5
275	146	6
179	284	10
154	211	10
289	32	9
127	244	10
165	11	10
143	228	10
160	266	4
83	146	6
245	290	4
26	198	4
283	238	4
115	94	9
257	159	10
141	51	10
104	81	10
104	237	10
151	239	9
110	189	10
281	7	6
126	193	10
75	23	5
169	23	5
259	239	9
257	277	10
145	94	9
193	54	9
100	283	10
165	136	10
228	290	4
79	95	4
22	21	7
149	42	6
74	271	7
197	286	9
99	139	7
175	189	10
62	231	10
167	146	6
36	137	7
50	56	4
259	43	10
6	170	9
165	196	10
45	146	6
134	267	9
99	206	4
79	96	9
87	186	10
86	198	4
110	88	10
283	77	9
104	166	7
62	165	10
164	137	7
260	88	10
244	77	9
229	35	5
76	198	4
281	117	7
29	137	7
154	168	9
179	235	5
235	79	10
279	47	10
272	146	6
259	184	10
143	168	9
115	131	10
219	112	9
183	124	9
255	255	10
5	146	6
126	251	10
281	170	9
46	30	4
141	129	10
69	135	6
65	168	9
255	11	10
148	152	4
155	139	7
181	117	7
134	239	9
195	196	10
47	238	4
26	135	6
62	238	4
191	266	1
109	270	10
207	238	4
126	99	10
259	19	10
154	186	10
55	290	4
259	253	10
197	77	9
228	112	9
62	198	4
262	246	4
74	32	9
274	190	9
77	54	9
8	32	9
67	112	9
236	94	9
110	141	10
127	213	10
134	185	4
150	30	4
217	239	9
179	86	10
260	38	10
104	134	10
249	239	9
234	175	10
283	171	9
110	283	10
123	177	10
179	290	8
59	268	4
53	173	9
109	140	10
141	180	10
115	24	10
6	235	5
234	158	4
22	223	5
288	168	9
155	168	9
33	58	5
99	94	9
159	131	10
159	146	6
199	238	4
141	256	10
62	283	10
106	95	4
277	54	9
178	95	4
19	20	4
192	223	5
260	197	10
257	270	10
24	185	4
89	172	4
110	54	9
153	285	10
104	38	10
104	219	10
279	163	10
277	135	6
131	278	4
260	92	10
48	135	3
257	225	7
259	249	10
115	116	6
282	195	10
1	32	9
279	180	10
169	14	6
121	191	4
11	117	7
179	118	10
257	26	10
62	26	10
260	150	10
36	112	9
87	185	4
109	223	5
183	173	9
259	60	5
24	290	4
256	194	4
143	198	4
205	77	9
262	54	9
143	116	4
150	7	6
224	30	4
191	190	0
126	65	10
179	30	4
39	168	9
114	2	10
159	273	10
289	23	5
226	95	4
82	96	9
273	271	7
115	217	10
179	227	4
237	242	4
93	37	5
234	226	10
106	168	9
201	162	10
40	30	4
217	103	4
62	125	10
100	176	10
253	32	9
179	283	10
80	3	4
118	7	6
11	17	10
127	50	10
153	260	10
113	51	6
282	218	5
115	19	10
150	87	10
257	69	10
164	172	4
83	30	4
218	54	9
89	94	9
163	191	4
121	192	10
281	14	6
114	284	10
126	229	10
46	239	9
33	30	4
104	43	10
285	83	10
123	96	9
37	177	3
174	239	9
260	78	10
207	258	10
104	214	8
114	8	10
157	122	4
277	7	6
51	135	6
180	185	4
179	270	10
275	103	4
141	108	4
0	239	9
78	238	4
126	22	10
16	14	3
133	203	4
226	117	7
40	9	7
89	122	4
282	108	4
126	186	10
101	65	10
87	2	10
255	227	8
259	196	10
162	96	9
123	197	10
257	127	10
192	172	4
282	239	9
143	173	9
260	142	10
110	196	10
18	168	9
165	131	10
207	264	10
69	137	7
38	203	4
67	238	4
113	112	9
215	231	10
110	45	10
39	135	6
245	200	4
127	1	10
219	96	9
98	54	9
147	77	9
282	89	10
110	49	10
181	54	9
255	264	10
211	95	4
219	56	4
86	139	7
141	28	10
254	168	9
289	152	4
8	168	9
66	54	9
109	8	10
244	290	4
215	264	10
142	56	4
109	224	10
88	238	4
279	34	10
39	107	4
134	108	4
109	69	10
215	114	10
141	81	10
141	237	10
104	273	10
163	139	7
212	94	9
279	136	10
259	86	10
181	204	9
22	263	7
270	95	4
183	23	5
131	95	4
261	14	3
282	82	10
152	77	0
233	108	4
46	185	4
161	54	9
165	238	4
26	290	4
11	30	4
207	217	10
105	103	4
229	221	9
196	198	4
177	122	4
235	177	10
258	185	4
75	137	5
252	32	9
259	170	9
114	152	4
85	14	6
178	112	9
29	152	4
109	38	10
199	198	4
288	91	7
141	290	8
114	143	10
154	94	9
19	135	6
74	75	10
207	1	10
67	200	4
141	179	10
257	133	10
83	238	4
207	110	10
80	171	9
207	95	8
255	289	10
183	168	9
165	281	10
109	215	10
53	30	4
120	290	4
157	238	4
165	154	10
98	91	7
127	30	4
252	94	9
238	239	0
93	124	9
197	122	4
260	156	10
86	54	9
195	286	9
279	290	8
165	98	10
179	44	10
269	146	6
180	137	7
207	274	10
21	7	3
34	232	10
215	96	9
165	231	10
115	264	10
213	198	4
209	241	4
165	155	10
165	269	10
115	135	6
147	146	6
255	252	10
176	9	7
145	172	4
41	94	9
233	243	4
231	117	7
127	194	6
193	203	4
40	214	4
255	34	10
259	108	4
165	289	10
40	103	4
237	265	9
175	135	6
1	191	4
44	256	6
141	283	10
2	54	9
62	182	10
2	56	4
257	0	10
195	202	9
76	139	7
211	94	9
153	82	10
113	198	4
234	172	4
127	255	10
207	87	10
110	113	10
228	172	4
109	144	10
141	19	10
215	107	4
153	92	10
79	168	9
260	80	10
2	3	4
64	9	5
279	127	10
207	86	10
181	96	9
279	83	10
156	204	9
181	14	6
102	54	9
34	10	10
110	0	10
99	289	10
236	198	4
143	96	9
165	79	10
100	229	10
38	172	4
177	185	4
51	116	4
65	146	6
109	209	10
10	32	9
75	56	4
62	150	10
279	19	10
127	260	10
74	241	4
115	276	7
142	227	4
255	78	10
167	124	9
260	132	10
8	146	6
121	15	10
233	206	4
115	53	10
234	14	6
257	53	10
258	135	6
262	263	7
127	7	6
279	92	10
279	8	10
207	270	10
274	278	4
8	239	9
131	32	9
52	238	4
281	64	10
289	77	9
288	71	7
234	198	4
259	141	10
178	242	4
87	31	4
62	129	10
104	94	9
105	54	9
179	98	10
84	135	3
279	101	10
131	214	4
140	168	9
74	134	10
285	267	9
2	135	6
127	143	10
110	123	10
148	7	6
93	112	9
283	107	4
207	150	10
288	239	9
67	284	6
104	98	10
61	103	4
165	43	10
176	116	4
259	232	10
260	163	10
68	239	9
39	238	4
98	137	5
255	198	4
34	70	10
110	212	10
110	237	10
17	290	4
255	8	10
255	76	10
229	96	9
201	199	10
279	114	10
235	197	10
123	278	4
285	15	10
138	32	9
99	159	10
110	9	7
224	268	4
115	234	10
40	198	4
283	206	4
192	71	7
11	116	4
110	136	10
274	95	4
211	238	4
75	172	4
141	47	10
281	168	9
183	185	4
62	7	6
207	144	10
51	220	4
123	192	10
101	123	10
259	195	10
187	278	4
115	147	10
5	71	7
78	50	10
179	129	10
28	23	5
163	103	4
233	221	9
1	185	4
138	227	4
127	45	10
262	242	4
143	222	10
231	57	9
1	112	9
127	252	10
187	170	9
281	111	4
110	53	10
163	227	4
164	103	8
164	114	6
102	238	4
70	202	9
0	198	4
263	14	3
165	219	10
11	33	10
189	290	4
257	45	10
177	238	4
109	33	10
104	52	10
249	274	10
99	283	10
73	244	10
126	226	10
141	104	10
99	221	9
147	95	4
63	7	3
212	108	4
62	144	10
45	238	4
113	7	6
88	122	4
178	54	9
279	193	10
130	238	4
114	172	4
109	259	10
26	124	9
150	96	9
1	290	4
19	168	9
136	239	9
260	209	10
62	123	10
140	94	9
87	267	9
229	122	8
234	56	4
154	116	4
50	185	4
140	239	9
184	108	4
123	131	10
130	214	4
180	206	4
104	9	7
259	238	4
201	36	10
141	275	10
110	39	10
260	54	9
50	32	9
234	77	9
165	32	9
137	54	9
82	23	5
101	278	8
115	8	10
172	54	9
260	99	10
36	96	9
33	142	10
165	113	10
133	54	9
226	135	6
165	183	10
289	263	7
141	290	4
279	226	10
102	200	4
127	183	10
188	7	3
179	26	10
73	251	10
229	86	10
93	208	7
79	108	4
270	239	9
275	290	4
62	0	10
164	276	7
104	33	10
259	229	10
228	185	4
127	138	10
121	181	10
174	135	6
26	168	9
259	118	10
104	269	10
279	121	10
138	103	4
217	116	4
102	208	7
199	96	9
255	72	10
217	124	9
249	108	4
34	239	9
212	283	10
254	96	9
5	238	4
25	37	5
119	54	9
183	117	7
110	180	10
260	173	9
121	41	10
244	190	9
280	85	10
162	103	4
245	185	4
255	1	10
228	96	9
104	130	10
74	61	10
154	173	9
115	106	10
104	160	10
121	107	4
126	81	10
212	219	10
138	117	7
165	149	10
53	194	4
62	10	10
8	108	4
104	44	10
114	159	10
218	146	3
207	121	10
101	172	4
62	229	10
127	192	10
62	86	10
141	281	10
175	239	9
169	96	9
201	191	4
231	54	9
219	137	5
143	64	10
93	103	4
91	135	3
165	135	6
104	101	10
219	111	4
50	220	4
165	17	10
287	135	6
104	259	10
1	263	5
173	57	2
36	35	5
121	202	9
257	46	10
233	267	9
5	95	4
25	135	6
253	190	9
109	288	10
251	14	6
110	26	10
23	135	3
109	222	10
15	286	9
155	239	9
19	91	7
215	94	9
231	158	4
236	203	4
118	14	6
85	84	5
115	96	9
123	145	10
155	204	9
217	168	9
234	185	4
89	290	4
183	103	4
217	107	4
121	111	4
160	103	4
277	31	4
115	22	10
87	95	4
187	238	4
260	106	10
255	5	10
262	103	4
55	238	4
207	165	10
259	82	10
141	134	10
34	11	10
179	121	10
11	7	6
110	149	10
115	184	10
130	168	9
82	204	9
143	231	10
99	147	10
78	227	8
257	65	10
183	57	9
110	85	10
127	69	10
126	8	10
90	276	7
282	116	4
150	254	10
78	5	10
73	70	10
259	99	10
257	24	10
240	238	4
1	170	9
205	185	4
36	227	4
279	59	10
110	11	10
104	165	10
197	203	4
229	108	8
164	135	6
163	7	6
193	77	9
180	135	6
26	9	7
262	96	9
154	124	9
160	238	4
165	272	10
141	32	9
279	93	10
28	124	9
28	137	7
127	39	10
109	24	10
109	1	10
101	124	9
255	52	10
257	229	10
140	185	4
62	45	10
141	87	10
163	239	9
24	146	6
257	236	10
234	218	7
154	29	10
110	60	5
175	157	10
127	206	4
134	238	4
255	183	10
175	41	10
10	168	9
260	113	10
163	14	6
74	123	10
260	196	10
281	172	4
36	117	7
235	82	10
245	14	6
207	94	9
127	110	10
179	108	8
236	108	4
253	206	4
123	160	10
179	229	10
106	7	6
0	103	4
49	30	4
114	251	10
231	108	4
100	87	10
113	56	4
282	137	7
70	57	9
279	280	7
141	206	4
46	57	9
259	76	10
100	86	10
280	272	10
212	216	7
75	111	4
279	238	4
126	78	10
27	7	3
149	95	4
106	185	4
260	109	10
249	185	4
28	168	9
99	189	10
255	232	10
0	206	4
62	237	10
249	5	10
121	284	10
36	206	4
127	55	10
114	211	10
79	286	9
110	52	10
259	146	6
176	14	6
259	49	10
110	289	10
85	198	4
228	168	9
131	94	9
52	111	4
178	227	4
255	54	9
127	65	10
125	37	7
115	179	10
121	170	9
162	173	9
73	196	10
62	256	10
126	151	10
233	191	4
43	95	4
126	189	10
215	9	7
104	118	10
236	243	4
201	210	10
101	94	9
127	107	4
233	146	6
281	255	10
74	30	4
260	26	10
145	14	6
279	22	10
104	78	10
179	219	10
270	54	9
33	241	8
61	238	4
249	15	10
114	239	9
228	268	4
143	146	6
184	276	7
53	23	5
211	32	9
72	103	4
195	114	10
165	233	10
61	77	9
34	278	4
150	185	4
146	54	9
40	220	4
253	239	9
44	14	6
126	80	10
114	238	4
25	146	6
229	218	7
88	239	9
254	290	4
142	96	9
279	142	10
101	289	10
212	123	10
121	173	9
143	117	7
226	242	4
228	227	4
270	170	9
259	226	10
235	47	10
62	239	9
192	96	9
55	14	6
269	191	4
120	286	9
192	94	9
189	271	7
179	14	6
157	170	9
165	125	10
143	54	9
141	142	10
141	193	10
270	208	7
78	124	9
165	237	10
109	157	10
278	202	0
255	22	10
56	94	9
165	167	10
85	54	9
74	93	10
29	30	4
61	266	4
0	135	6
195	108	8
207	79	10
141	123	10
254	146	6
36	94	9
255	146	6
114	249	10
47	168	9
110	238	4
115	47	10
269	239	9
121	246	4
45	94	9
121	177	10
252	112	9
273	32	9
177	204	9
123	29	10
68	227	4
155	30	4
125	103	4
257	158	4
46	168	9
274	103	4
285	258	10
129	238	4
215	54	9
149	185	4
51	152	4
18	216	7
199	94	9
148	266	4
141	154	10
232	206	4
186	32	9
17	185	4
25	30	4
236	124	9
93	172	4
222	108	4
175	285	10
19	16	7
62	139	7
252	30	4
52	239	9
62	131	10
257	141	10
279	32	9
269	117	7
207	57	9
192	221	9
69	242	4
285	56	4
83	265	9
213	30	4
78	122	8
185	198	1
164	168	9
172	173	0
195	101	10
70	239	9
255	50	10
120	135	6
165	34	10
234	32	9
11	54	9
255	9	7
164	166	6
18	7	6
209	139	7
123	275	10
192	214	4
165	265	9
104	7	6
288	30	4
64	173	9
285	232	10
141	151	10
20	77	0
17	198	4
167	208	7
68	135	6
179	189	10
101	108	4
34	17	10
140	266	4
67	198	4
154	112	9
270	238	4
257	106	10
234	289	10
54	54	9
280	229	10
110	204	9
271	94	9
282	37	5
116	111	1
260	165	10
160	227	4
289	112	9
107	198	1
126	1	10
154	157	10
164	84	5
234	117	7
75	221	9
259	198	4
85	230	5
90	198	4
43	103	4
141	184	10
260	207	10
5	27	7
28	200	4
65	107	4
62	4	10
257	4	10
260	251	10
233	238	4
233	118	10
189	135	6
150	89	10
193	200	4
110	80	10
121	54	9
126	232	10
179	22	10
5	77	9
150	183	10
123	240	10
109	99	10
126	128	10
192	202	9
129	95	4
255	151	10
259	183	10
68	95	4
87	278	4
215	11	10
55	168	9
245	238	4
156	95	4
227	54	9
209	108	4
260	19	10
69	31	4
262	32	9
165	143	10
11	206	4
255	284	10
52	172	4
102	124	9
215	237	10
167	30	4
36	171	9
113	185	4
114	25	10
44	54	9
127	51	10
251	71	7
59	135	6
6	185	4
87	157	10
100	98	10
62	74	6
257	185	4
131	172	4
34	283	10
280	274	10
123	226	10
154	193	10
95	96	0
132	242	4
226	103	4
280	195	10
62	206	4
255	128	10
167	14	6
238	94	9
6	37	5
127	284	10
125	238	4
70	278	4
259	98	10
62	289	10
115	290	8
136	95	4
115	125	10
131	54	9
249	124	9
164	77	9
62	224	10
101	243	4
233	158	8
115	81	10
283	146	6
277	108	4
40	94	9
29	108	4
141	18	10
224	107	4
157	221	9
55	91	7
66	146	3
104	228	10
86	152	4
260	135	6
126	254	10
165	0	10
251	227	4
237	32	9
59	7	6
73	148	10
62	174	10
187	94	9
142	203	4
176	7	6
280	219	10
141	215	10
46	107	4
11	68	10
281	242	4
82	54	9
93	7	6
252	57	9
196	185	4
25	28	10
199	170	9
274	54	9
110	207	10
2	103	4
259	179	10
17	94	9
176	30	4
115	275	10
287	7	6
114	183	10
192	171	9
165	1	10
0	54	9
22	20	4
28	191	4
127	265	9
257	281	10
102	173	9
110	95	4
141	8	10
162	95	4
62	93	10
25	50	10
114	54	9
38	7	6
259	149	10
109	46	10
189	188	7
132	168	9
104	41	10
177	239	9
34	198	4
109	168	9
210	239	9
131	230	5
169	170	9
235	182	10
121	135	6
127	247	4
233	103	4
109	290	4
149	204	9
289	135	6
64	7	6
207	193	10
257	189	10
126	192	10
160	268	4
109	180	10
121	46	10
141	195	10
249	227	4
80	152	4
8	111	4
186	95	4
104	88	10
33	79	10
30	32	0
154	185	4
126	213	10
164	218	7
231	32	9
86	168	9
104	207	10
6	243	4
51	57	9
104	111	4
115	114	10
141	34	10
201	41	10
289	54	9
83	185	4
269	168	9
141	231	10
217	135	6
110	160	10
179	199	10
111	116	1
104	285	10
121	106	10
13	7	6
237	107	4
104	162	10
46	135	6
134	96	9
177	152	4
235	237	10
218	94	9
184	206	4
181	185	4
162	185	4
259	41	10
115	18	10
6	108	4
62	76	10
59	185	4
136	267	9
233	231	10
279	278	4
93	30	4
82	30	4
62	143	10
257	143	10
174	198	4
102	135	6
281	257	10
115	190	9
104	19	10
289	239	9
85	146	6
46	225	7
85	30	4
154	45	10
259	145	10
233	147	10
93	77	9
289	278	4
121	283	10
92	7	6
65	14	6
186	265	9
193	96	9
62	24	10
100	195	10
109	220	4
109	79	10
259	32	9
159	37	5
127	116	4
19	108	4
279	6	10
126	106	10
257	173	9
0	238	4
109	165	10
44	238	4
281	141	10
207	104	10
144	221	9
157	20	4
288	286	9
59	111	4
174	96	9
212	32	9
141	89	10
226	57	9
62	210	10
273	171	9
154	195	10
195	74	10
50	265	9
231	7	6
207	284	10
18	94	9
46	96	9
82	194	4
93	216	7
165	74	10
134	290	4
106	107	4
55	95	4
260	212	10
270	32	9
259	125	10
83	168	9
126	25	10
109	25	10
33	59	10
279	281	10
62	95	4
289	173	9
123	205	10
273	168	9
22	73	7
11	94	9
69	103	4
165	201	10
86	278	4
235	149	10
207	41	10
184	103	4
255	123	10
224	185	4
25	289	10
289	238	4
258	198	4
165	68	10
99	102	10
179	287	10
186	290	4
0	137	7
109	136	10
110	18	10
186	198	4
104	107	4
282	159	10
195	244	10
25	105	10
68	14	6
99	137	7
192	185	4
150	9	7
62	160	10
22	239	9
249	32	9
33	271	7
279	140	10
259	54	9
179	232	10
17	108	4
282	246	4
109	9	7
149	238	4
260	114	10
177	198	4
85	265	9
109	234	10
275	135	6
259	269	10
85	283	6
5	135	6
277	111	4
123	57	9
121	157	10
115	6	10
39	23	7
176	96	9
215	216	5
123	15	10
102	280	7
180	198	4
245	246	4
49	116	4
259	285	10
255	201	10
235	157	10
104	164	10
179	69	10
279	249	10
242	170	0
227	54	0
243	171	0
172	56	1
221	286	2
225	14	3
91	7	3
126	135	3
250	7	3
66	14	3
37	14	3
137	135	3
63	14	3
271	7	3
100	7	3
10	214	4
52	198	4
229	198	4
257	278	4
244	238	4
64	185	4
70	238	4
10	108	4
281	116	4
251	108	4
213	206	4
82	152	4
264	227	4
105	30	4
99	278	4
213	95	4
51	111	4
98	198	4
187	107	4
125	290	4
123	198	4
140	103	4
148	108	4
86	30	4
209	214	4
269	108	4
25	278	4
44	242	4
254	198	4
78	198	4
180	95	4
169	238	4
285	107	4
229	107	4
229	95	4
236	242	4
150	206	4
262	185	4
18	185	4
176	200	4
10	290	4
93	111	4
88	20	4
193	198	4
264	103	4
205	198	4
78	95	4
106	103	4
207	103	4
259	95	4
254	238	4
233	242	4
244	103	4
110	107	4
105	227	4
150	238	4
231	172	4
176	185	4
78	214	4
186	220	4
232	30	4
0	203	4
26	185	4
138	30	4
19	30	4
121	56	4
55	242	4
22	198	4
183	194	4
163	206	4
148	111	4
79	290	4
273	103	4
211	220	4
82	238	4
118	108	4
176	103	4
183	116	4
213	108	4
193	185	4
102	194	4
65	278	4
104	238	4
154	30	4
144	108	4
70	198	4
180	111	4
1	242	4
86	206	4
52	30	4
275	238	4
89	278	4
46	242	4
282	278	4
282	238	4
219	206	4
47	198	4
68	111	4
127	56	4
169	185	4
110	185	4
260	116	4
114	290	4
167	103	4
289	194	4
2	122	4
136	172	4
184	185	4
212	107	4
257	107	4
251	56	4
17	30	4
50	198	4
181	122	4
129	185	4
176	111	4
259	172	4
145	152	4
123	111	4
212	238	4
118	268	4
145	20	4
273	108	4
19	238	4
133	198	4
87	214	4
199	103	4
38	108	4
215	103	4
186	203	4
133	172	4
0	30	4
262	290	4
232	185	4
210	238	4
44	103	4
39	198	4
76	290	4
15	220	4
78	116	4
233	198	4
113	290	4
78	194	4
240	203	4
39	242	4
53	103	4
8	227	4
287	108	4
231	30	4
101	191	4
154	198	4
25	185	4
130	290	4
148	103	4
164	185	4
93	56	4
155	172	4
249	290	4
256	227	4
211	203	4
11	214	4
215	278	4
80	95	4
70	116	4
254	116	4
18	30	4
212	278	4
283	227	4
279	185	4
210	185	4
10	227	4
259	37	5
143	58	5
178	37	5
178	126	5
279	37	5
165	126	5
98	153	5
120	23	5
141	37	5
114	137	5
253	218	5
102	58	5
254	218	5
228	37	5
18	37	5
62	14	6
72	135	6
184	135	6
101	7	6
120	146	6
277	14	6
72	146	6
236	135	6
134	14	6
209	14	6
110	135	6
29	135	6
277	146	6
289	14	6
43	14	6
177	135	6
163	135	6
2	14	6
183	14	6
179	146	6
162	146	6
181	146	6
133	135	6
109	7	6
115	7	6
212	7	6
232	14	6
44	7	6
189	14	6
270	14	6
92	135	6
1	14	6
118	135	6
61	7	6
17	135	6
140	135	6
210	135	6
260	14	6
192	146	6
8	7	6
92	146	6
65	23	7
181	71	7
150	139	7
228	117	7
85	223	7
24	117	7
163	137	7
18	276	7
93	9	7
86	208	7
207	117	7
2	100	7
13	208	7
46	263	7
133	139	7
164	216	7
212	137	7
245	12	7
129	216	7
50	137	7
82	276	7
283	208	7
169	27	7
141	137	7
70	137	7
46	37	7
253	9	7
18	9	7
142	271	7
83	91	7
8	271	7
222	117	7
22	23	7
89	153	7
165	137	7
25	137	7
62	290	8
123	122	8
141	227	8
165	290	8
18	103	8
195	266	8
93	103	8
189	124	9
50	94	9
76	239	9
151	32	9
29	286	9
219	57	9
61	54	9
82	239	9
5	286	9
90	239	9
51	112	9
195	168	9
88	265	9
121	32	9
120	112	9
178	94	9
175	112	9
259	112	9
89	239	9
25	96	9
65	94	9
143	94	9
157	204	9
201	124	9
80	54	9
233	54	9
270	124	9
259	96	9
240	265	9
125	96	9
52	94	9
59	112	9
236	173	9
205	96	9
69	168	9
181	286	9
282	54	9
134	32	9
39	54	9
264	94	9
136	168	9
254	57	9
150	54	9
129	54	9
237	168	9
165	94	9
251	54	9
33	54	9
269	190	9
29	77	9
110	239	9
72	94	9
149	168	9
176	32	9
210	204	9
245	54	9
92	94	9
259	94	9
273	54	9
79	267	9
136	32	9
47	239	9
53	124	9
163	54	9
47	54	9
205	54	9
254	94	9
75	239	9
89	96	9
106	94	9
18	239	9
43	168	9
141	54	9
169	32	9
275	32	9
222	94	9
67	94	9
38	94	9
281	57	9
67	168	9
11	32	9
52	96	9
145	265	9
274	94	9
285	32	9
288	202	9
193	94	9
34	94	9
181	265	9
80	221	9
234	239	9
69	112	9
131	202	9
269	171	9
120	96	9
155	94	9
75	173	9
93	173	9
288	57	9
75	57	9
287	94	9
236	170	9
98	239	9
211	204	9
180	54	9
210	54	9
8	54	9
38	124	9
282	96	9
22	32	9
180	32	9
244	54	9
193	265	9
86	32	9
244	267	9
55	54	9
273	170	9
132	96	9
226	171	9
269	112	9
6	168	9
101	173	9
133	124	9
121	94	9
256	54	9
93	239	9
110	168	9
5	204	9
33	168	9
75	94	9
143	124	9
184	239	9
98	112	9
114	219	10
279	284	10
141	219	10
62	249	10
165	45	10
259	1	10
207	282	10
179	128	10
141	249	10
110	106	10
179	277	10
109	151	10
257	89	10
141	284	10
109	169	10
115	92	10
257	260	10
141	120	10
260	180	10
141	10	10
259	62	10
255	260	10
115	195	10
279	113	10
110	92	10
110	75	10
257	178	10
34	289	10
141	196	10
207	232	10
127	182	10
257	76	10
127	33	10
255	109	10
62	118	10
126	211	10
121	53	10
104	136	10
260	47	10
257	86	10
110	260	10
62	69	10
110	274	10
280	187	10
114	15	10
207	81	10
179	55	10
255	162	10
109	260	10
179	34	10
255	217	10
109	167	10
260	249	10
110	233	10
207	34	10
110	151	10
257	144	10
62	162	10
104	254	10
115	262	10
235	192	10
109	120	10
153	181	10
179	0	10
255	178	10
141	155	10
234	114	10
255	28	10
207	279	10
109	87	10
62	11	10
115	101	10
126	175	10
141	105	10
260	74	10
104	72	10
279	44	10
279	70	10
165	249	10
165	228	10
179	17	10
207	74	10
62	81	10
110	228	10
104	61	10
110	254	10
115	272	10
165	86	10
126	258	10
259	157	10
257	237	10
255	213	10
126	257	10
257	163	10
109	81	10
141	251	10
259	213	10
207	50	10
257	201	10
141	164	10
212	289	10
109	53	10
255	89	10
126	237	10
62	33	10
201	148	10
110	19	10
179	78	10
257	129	10
127	41	10
101	89	10
115	215	10
101	86	10
127	81	10
215	36	10
62	87	10
279	89	10
179	262	10
62	18	10
255	105	10
115	17	10
259	187	10
175	181	10
179	132	10
141	189	10
74	160	10
150	175	10
109	281	10
257	251	10
153	186	10
126	270	10
260	253	10
257	283	10
279	132	10
269	209	10
179	109	10
109	233	10
115	75	10
127	80	10
279	76	10
109	4	10
141	101	10
34	36	10
62	22	10
115	183	10
257	125	10
110	199	10
126	274	10
165	160	10
179	89	10
165	217	10
257	256	10
260	184	10
255	92	10
179	207	10
179	138	10
126	90	10
207	132	10
279	147	10
201	149	10
62	121	10
126	55	10
126	234	10
252	251	10
127	160	10
215	251	10
62	251	10
179	24	10
150	189	10
207	69	10
279	72	10
153	80	10
259	257	10
179	113	10
109	118	10
62	101	10
165	274	10
127	175	10
279	215	10
110	236	10
279	28	10
234	123	10
104	115	10
257	120	10
175	182	10
62	38	10
257	272	10
121	211	10
179	147	10
141	22	10
62	136	10
165	55	10
207	212	10
260	81	10
259	205	10
257	244	10
282	175	10
115	69	10
114	89	10
104	244	10
127	226	10
100	289	10
201	0	10
109	55	10
179	25	10
104	17	10
141	98	10
99	89	10
259	115	10
62	236	10
87	211	10
260	211	10
255	251	10
179	151	10
255	249	10
165	76	10
195	274	10
62	258	10
260	270	10
109	176	10
279	120	10
104	25	10
141	274	10
201	75	10
259	39	10
255	81	10
104	205	10
114	11	10
74	196	10
165	93	10
195	262	10
110	183	10
109	147	10
285	59	10
34	138	10
207	211	10
279	237	10
255	59	10
255	55	10
259	180	10
279	39	10
257	128	10
111	112	0
116	96	0
108	54	0
242	243	1
168	173	2
139	135	3
37	7	3
126	7	3
276	146	3
91	14	3
48	7	3
73	7	3
263	146	3
97	14	3
60	146	3
121	30	4
201	290	4
259	30	4
237	290	4
175	214	4
144	185	4
26	266	4
39	266	4
39	243	4
74	200	4
148	198	4
101	227	4
209	103	4
251	111	4
228	206	4
189	116	4
70	214	4
289	185	4
231	214	4
257	206	4
193	152	4
163	111	4
270	103	4
70	108	4
163	194	4
26	103	4
244	30	4
159	238	4
254	203	4
144	290	4
70	185	4
1	266	4
36	198	4
260	111	4
144	111	4
102	95	4
83	198	4
226	238	4
47	30	4
145	206	4
187	108	4
164	227	4
65	238	4
154	56	4
285	31	4
289	290	4
251	103	4
46	200	4
90	290	4
154	290	4
36	116	4
11	185	4
197	198	4
29	220	4
183	30	4
215	185	4
22	185	4
254	56	4
219	172	4
118	30	4
51	56	4
61	290	4
75	290	4
25	206	4
141	172	4
113	116	4
183	172	4
127	238	4
17	103	4
144	243	4
154	158	4
133	194	4
114	30	4
253	266	4
288	103	4
192	20	4
130	206	4
2	238	4
131	56	4
205	103	4
163	198	4
259	278	4
232	227	4
251	95	4
219	227	4
176	198	4
147	103	4
83	108	4
179	107	4
196	30	4
40	246	4
98	238	4
253	198	4
36	238	4
102	198	4
177	203	4
193	103	4
275	185	4
15	3	4
114	103	4
90	238	4
189	206	4
287	95	4
160	242	4
257	30	4
197	247	4
164	108	4
53	200	4
118	227	4
88	95	4
269	116	4
148	242	4
115	30	4
236	103	4
105	290	4
2	220	4
120	31	4
51	95	4
75	238	4
51	185	4
133	200	4
270	198	4
236	95	4
22	30	4
288	290	4
163	30	4
155	194	4
123	206	4
249	191	4
53	238	4
226	111	4
279	103	4
25	107	4
147	198	4
5	268	4
6	206	4
89	95	4
18	103	4
159	30	4
175	31	4
59	172	4
174	185	4
26	238	4
46	103	4
105	56	4
102	290	4
180	107	4
251	172	4
196	243	4
115	103	4
159	107	4
255	238	4
2	203	4
43	290	4
287	185	4
273	30	4
176	238	4
87	206	4
49	108	4
120	185	4
109	203	4
249	198	4
232	103	4
28	116	4
212	206	4
229	111	4
231	241	4
101	242	4
237	243	4
245	122	4
64	107	4
46	261	5
189	137	5
251	230	5
131	23	5
156	37	5
285	58	5
110	58	5
175	230	5
254	37	5
213	60	5
65	60	5
83	137	5
22	216	5
67	58	5
181	223	5
46	14	6
254	7	6
131	7	6
6	14	6
217	146	6
143	135	6
36	135	6
160	146	6
240	14	6
144	14	6
114	146	6
262	7	6
36	7	6
141	7	6
109	135	6
127	14	6
281	135	6
270	135	6
2	146	6
67	14	6
195	14	6
178	7	6
201	14	6
110	270	6
132	135	6
86	7	6
193	135	6
233	14	6
226	14	6
273	14	6
240	146	6
147	135	6
79	135	6
1	146	6
43	7	6
145	135	6
104	14	6
13	135	6
118	284	6
169	135	6
138	7	6
277	271	7
209	117	7
245	139	7
53	139	7
258	276	7
106	117	7
140	276	7
193	91	7
52	23	7
33	225	7
183	276	7
68	117	7
197	208	7
22	208	7
232	218	7
102	216	7
141	280	7
212	218	7
157	137	7
85	9	7
147	117	7
174	263	7
154	137	7
277	276	7
19	71	7
195	271	7
179	137	7
109	153	7
240	97	7
115	42	7
45	42	7
199	263	7
120	23	7
184	117	7
1	235	7
189	137	7
255	108	8
34	214	8
255	290	8
281	278	8
285	241	8
70	31	8
215	214	8
147	239	9
50	170	9
248	94	9
156	54	9
281	94	9
260	124	9
69	221	9
251	124	9
47	96	9
46	190	9
59	32	9
130	32	9
229	190	9
244	94	9
245	171	9
40	32	9
183	112	9
110	32	9
104	96	9
121	171	9
82	286	9
231	173	9
149	94	9
276	54	9
260	96	9
226	204	9
273	239	9
262	265	9
159	239	9
70	112	9
69	286	9
177	124	9
131	173	9
76	96	9
125	239	9
105	96	9
113	168	9
180	96	9
197	32	9
121	168	9
262	171	9
163	168	9
125	267	9
106	96	9
154	190	9
212	168	9
38	173	9
130	204	9
68	32	9
35	94	9
59	173	9
87	54	9
6	94	9
61	124	9
114	32	9
15	221	9
255	112	9
25	239	9
281	265	9
279	96	9
125	94	9
15	239	9
78	265	9
63	54	9
289	124	9
80	204	9
145	239	9
50	204	9
160	239	9
55	171	9
86	96	9
144	170	9
157	286	9
196	265	9
147	168	9
151	124	9
280	54	9
120	94	9
40	170	9
162	54	9
2	94	9
133	168	9
2	286	9
187	265	9
13	94	9
13	168	9
86	239	9
229	57	9
184	94	9
177	94	9
148	267	9
160	168	9
184	173	9
254	32	9
42	54	9
283	124	9
150	168	9
184	54	9
165	239	9
222	124	9
2	239	9
101	54	9
186	96	9
8	94	9
40	171	9
52	286	9
52	112	9
65	54	9
0	94	9
13	32	9
88	77	9
148	204	9
88	32	9
163	171	9
148	94	9
176	170	9
192	239	9
44	94	9
73	94	9
68	94	9
45	54	9
264	168	9
50	57	9
40	96	9
219	124	9
52	54	9
0	32	9
148	96	9
22	54	9
8	124	9
50	54	9
133	204	9
157	124	9
127	43	10
109	183	10
110	25	10
259	6	10
87	5	10
175	2	10
141	114	10
257	183	10
235	80	10
126	83	10
257	228	10
255	270	10
109	205	10
104	28	10
126	183	10
127	145	10
104	193	10
34	231	10
153	130	10
110	10	10
279	274	10
279	11	10
255	288	10
109	72	10
165	70	10
279	240	10
115	281	10
78	181	10
127	270	10
74	79	10
257	43	10
99	88	10
62	110	10
165	209	10
78	2	10
257	145	10
207	156	10
207	179	10
154	82	10
62	6	10
110	70	10
110	130	10
257	68	10
259	169	10
62	59	10
150	98	10
255	193	10
87	181	10
101	167	10
121	62	10
114	179	10
255	4	10
115	36	10
207	134	10
279	61	10
179	101	10
282	219	10
127	140	10
127	115	10
279	232	10
33	128	10
207	39	10
259	55	10
259	132	10
115	136	10
109	258	10
195	269	10
207	6	10
87	259	10
126	64	10
87	15	10
235	189	10
260	87	10
279	244	10
141	222	10
255	143	10
127	282	10
279	106	10
212	78	10
260	275	10
259	163	10
207	99	10
179	134	10
279	33	10
175	83	10
104	121	10
115	83	10
201	67	10
179	140	10
260	17	10
141	46	10
179	125	10
280	257	10
255	207	10
285	129	10
207	115	10
165	92	10
141	149	10
153	88	10
179	123	10
260	174	10
260	5	10
165	127	10
235	55	10
126	157	10
257	99	10
212	262	10
248	144	10
109	213	10
114	283	10
257	102	10
114	29	10
99	245	10
114	192	10
233	88	10
87	177	10
110	287	10
175	273	10
141	229	10
215	76	10
115	150	10
179	88	10
104	180	10
280	17	10
110	127	10
195	217	10
115	138	10
260	140	10
212	105	10
207	189	10
201	192	10
127	114	10
255	64	10
126	159	10
127	104	10
179	65	10
259	78	10
259	177	10
235	2	10
259	237	10
104	184	10
260	154	10
115	165	10
195	69	10
127	207	10
207	253	10
109	232	10
195	98	10
212	70	10
123	211	10
34	175	10
233	288	10
257	34	10
109	285	10
115	72	10
195	226	10
259	197	10
153	78	10
110	164	10
165	215	10
73	79	10
259	282	10
154	83	10
255	212	10
207	36	10
109	287	10
215	87	10
11	189	10
257	234	10
279	269	10
255	273	10
279	24	10
201	289	10
234	181	10
126	179	10
109	102	10
179	212	10
282	151	10
115	34	10
115	142	10
74	155	10
109	269	10
282	163	10
255	65	10
165	81	10
207	145	10
109	141	10
259	264	10
141	136	10
165	28	10
34	19	10
215	130	10
255	86	10
259	140	10
165	18	10
260	125	10
127	258	10
141	75	10
257	196	10
249	114	10
127	211	10
62	78	10
179	226	10
207	4	10
269	59	10
110	72	10
109	211	10
260	285	10
121	47	10
143	24	10
62	88	10
25	255	10
259	192	10
104	183	10
114	229	10
257	130	10
259	70	10
179	176	10
115	98	10
285	231	10
115	255	10
279	109	10
110	132	10
110	269	10
101	61	10
165	264	10
207	256	10
175	15	10
260	245	10
11	176	10
259	29	10
259	90	10
150	215	10
109	274	10
257	219	10
126	244	10
114	6	10
165	129	10
110	101	10
207	231	10
101	142	10
115	29	10
