109	19	10
229	30	4
255	0	10
255	85	10
104	150	10
5	56	4
125	185	4
26	243	4
159	110	10
131	194	4
127	205	10
259	187	10
144	14	6
104	289	10
197	198	4
260	51	10
109	72	10
155	107	4
179	183	10
75	173	9
133	135	6
165	103	4
141	211	10
114	278	8
33	185	4
115	258	10
92	112	9
92	146	6
62	1	10
80	204	9
141	108	8
78	197	10
282	14	6
120	32	9
179	262	10
189	124	9
179	0	10
178	146	6
234	146	6
260	231	10
179	201	10
53	20	4
269	96	9
255	10	10
257	74	10
126	4	10
61	204	9
88	77	9
51	56	4
53	238	4
98	97	7
279	102	10
209	185	4
126	130	10
180	32	9
273	242	4
260	180	10
38	117	7
74	79	10
272	30	4
288	77	9
105	30	4
0	37	5
15	91	7
125	290	4
132	30	4
177	202	9
36	238	4
72	223	5
255	2	10
34	218	7
257	62	10
79	14	6
45	290	4
212	103	4
149	239	9
189	200	4
46	32	9
8	54	9
100	187	10
154	239	9
236	191	4
174	94	9
93	20	4
259	74	10
184	23	5
13	111	4
8	238	4
109	82	10
53	204	9
165	157	10
53	112	9
167	122	4
199	32	9
210	32	9
279	227	8
215	7	6
229	216	7
46	198	4
131	111	4
279	7	6
165	70	10
255	121	10
252	219	10
179	175	10
234	50	10
109	34	10
110	185	4
15	32	9
127	162	10
279	10	10
141	107	4
264	94	9
127	99	10
82	122	4
159	135	6
18	112	9
138	168	9
195	271	7
240	239	9
174	185	4
22	116	4
154	56	4
132	66	7
260	207	10
101	82	10
189	271	7
155	57	9
287	227	4
207	40	10
55	242	4
245	95	4
140	290	4
109	107	4
257	186	10
285	290	4
34	146	6
253	126	5
252	190	9
110	258	10
6	54	9
142	170	9
34	108	4
224	139	7
132	63	7
101	86	10
121	142	10
120	111	4
270	103	4
10	214	4
127	234	10
22	276	7
104	28	10
46	137	7
117	94	9
140	173	9
279	259	10
62	258	10
288	290	4
47	135	6
115	59	10
207	178	10
257	68	10
127	189	10
165	222	10
132	96	9
195	269	10
110	103	4
127	125	10
279	231	10
109	96	9
279	156	10
207	194	4
70	271	7
157	203	4
131	108	4
140	100	7
109	224	10
79	30	4
141	116	4
281	95	4
211	139	7
70	238	4
219	206	4
110	175	10
259	205	10
79	191	4
215	242	4
231	214	4
229	125	10
2	203	4
25	214	8
105	135	6
40	32	9
101	246	4
83	239	9
212	168	9
269	283	10
280	207	10
29	37	5
13	152	4
165	123	10
174	54	9
114	173	9
2	238	4
45	100	7
207	257	10
70	139	7
86	71	7
165	216	7
65	200	4
279	33	10
50	103	4
123	78	10
101	189	10
192	14	6
199	7	6
78	135	6
252	37	5
118	168	9
201	55	10
123	198	4
257	287	10
99	135	6
199	23	7
241	170	0
211	221	9
126	120	10
101	78	10
136	290	4
201	284	10
59	112	9
179	146	6
183	198	4
8	57	9
129	239	9
253	238	4
155	221	9
189	91	7
260	123	10
52	276	7
141	157	10
262	135	6
39	242	4
151	168	9
65	185	4
105	146	6
131	276	7
279	203	8
195	186	10
114	215	10
260	98	10
222	117	7
26	116	4
44	238	4
174	168	9
100	226	10
144	243	4
236	266	4
165	109	10
80	146	6
104	239	9
273	94	9
158	221	0
219	94	9
85	223	7
104	240	10
215	219	10
165	47	10
250	14	3
0	23	7
235	29	10
145	54	9
141	159	10
141	140	10
64	54	9
288	20	4
75	238	4
169	238	4
259	197	10
163	206	4
13	185	4
126	40	10
257	36	10
143	108	4
255	251	10
255	133	10
74	290	4
62	217	10
115	132	10
215	74	10
22	173	9
115	226	10
101	30	4
109	167	10
115	83	10
150	163	10
177	286	9
22	135	6
68	111	4
134	198	4
148	216	5
156	30	4
183	37	5
259	116	4
157	96	9
210	95	4
269	153	5
26	30	4
141	162	10
72	290	4
196	290	4
33	268	4
255	114	10
104	168	9
234	103	4
62	18	10
115	76	10
104	55	10
252	269	10
133	20	4
251	95	4
253	54	9
257	210	10
76	276	7
36	172	4
248	70	10
109	53	10
211	135	6
51	185	4
279	87	10
181	203	4
255	38	10
101	267	9
72	14	6
244	91	7
257	199	10
288	190	9
270	185	4
89	265	9
87	83	10
207	37	5
279	272	10
290	54	0
153	233	10
28	152	4
211	220	4
5	267	9
115	86	10
141	79	10
123	254	10
165	138	10
26	95	4
88	95	4
11	256	10
285	58	5
281	238	4
104	146	6
207	4	10
1	198	4
38	239	9
259	40	10
136	94	9
141	144	10
207	32	9
235	87	10
141	102	10
70	214	4
104	277	10
159	231	10
127	232	10
288	203	4
18	238	4
207	29	10
34	114	10
269	17	10
141	173	9
104	51	10
161	7	3
255	131	10
257	289	10
109	89	10
259	176	10
62	142	10
153	54	9
185	107	1
141	253	10
69	31	8
288	112	9
175	182	10
133	124	9
251	124	9
258	107	4
199	37	5
21	146	3
114	267	9
127	141	10
274	198	4
165	28	10
179	41	10
133	267	9
243	94	9
255	136	10
133	7	6
11	109	10
219	238	4
80	158	4
209	146	6
283	146	6
272	32	9
207	52	10
33	38	10
141	40	10
72	32	9
154	4	10
249	103	4
97	146	3
159	192	10
175	3	8
197	30	4
255	189	10
127	95	4
259	113	10
170	171	2
82	286	9
28	146	6
269	289	10
142	168	9
257	258	10
53	135	6
281	245	10
15	203	4
207	187	10
28	57	9
43	239	9
110	265	9
136	124	9
285	131	10
165	159	10
115	95	4
19	7	6
215	69	10
281	54	9
269	135	6
264	238	4
235	2	10
256	124	9
241	94	9
283	227	4
62	78	10
201	200	8
259	185	4
279	134	10
207	115	10
279	60	5
133	57	9
251	57	9
116	172	1
106	103	4
155	94	9
226	108	4
82	220	4
281	56	4
143	140	10
126	5	10
123	200	4
253	9	7
115	46	10
46	77	9
179	24	10
164	267	9
5	42	7
43	107	4
215	92	10
195	226	10
187	7	6
160	108	4
153	141	10
113	30	4
62	233	10
87	238	4
255	260	10
79	247	4
283	97	7
148	32	9
215	233	10
104	163	10
69	243	4
156	7	6
51	124	9
165	258	10
141	4	10
195	266	8
285	118	10
207	164	10
82	32	9
110	62	10
109	3	4
98	139	7
213	135	6
288	116	4
279	198	4
25	218	7
282	96	9
269	130	10
212	70	10
65	23	7
201	124	9
18	185	4
82	168	9
165	275	10
279	179	10
34	123	10
169	116	4
233	95	4
192	95	4
101	194	4
273	198	4
285	168	9
136	96	9
225	14	3
260	25	10
76	108	4
175	32	9
33	32	9
115	159	10
213	185	4
5	221	9
87	96	9
114	175	10
251	239	9
259	233	10
216	14	3
179	217	10
257	1	10
282	87	10
201	129	10
78	173	9
59	172	4
281	32	9
76	94	9
149	173	9
176	290	4
43	108	4
80	54	9
259	83	10
260	130	10
288	185	4
252	76	10
104	176	10
259	137	7
74	246	4
115	102	10
188	94	9
0	173	9
39	95	4
183	14	6
55	103	4
282	272	10
164	202	9
210	54	9
196	191	4
143	185	4
279	215	10
2	168	9
179	192	10
89	238	4
36	103	4
156	198	4
121	70	10
279	260	10
86	37	5
217	18	6
233	171	9
65	54	9
279	258	10
115	236	10
205	146	6
109	254	10
34	269	10
24	135	6
19	289	6
150	37	5
259	139	7
231	172	4
175	94	9
279	72	10
113	239	9
25	199	10
207	240	10
236	173	9
236	227	4
215	62	10
260	285	10
50	172	4
34	87	10
248	14	3
72	239	9
224	95	4
229	32	9
260	202	9
259	234	10
62	279	10
50	221	9
257	288	10
80	94	9
62	147	10
228	135	6
142	135	6
279	287	10
201	14	6
235	211	10
104	151	10
164	100	7
121	83	10
17	135	6
163	194	4
18	32	9
46	57	9
224	208	7
153	145	10
67	116	4
273	112	9
209	7	6
141	228	10
272	94	9
179	289	10
187	111	4
147	103	4
43	198	4
83	23	5
126	114	10
98	14	6
28	112	9
288	267	9
233	202	9
165	189	10
165	205	10
218	7	3
141	93	10
127	86	10
163	32	9
53	32	9
244	77	9
178	126	5
165	27	5
166	14	3
53	103	4
269	185	4
257	61	10
165	134	10
175	159	10
259	104	10
255	118	10
184	238	4
159	261	5
5	152	4
252	251	10
255	110	10
187	32	9
269	171	9
236	170	9
132	146	6
205	204	9
101	111	4
34	71	7
78	168	9
154	122	4
110	102	10
68	239	9
68	30	4
61	290	4
141	217	10
260	55	10
174	91	7
53	54	9
259	290	4
114	238	4
102	202	9
165	179	10
61	112	9
85	32	9
280	78	10
69	112	9
153	29	10
165	227	8
175	5	10
289	71	7
260	247	4
240	7	6
51	32	9
74	76	10
74	91	7
92	290	4
109	276	7
280	222	10
254	171	9
88	135	6
33	79	10
209	203	4
281	94	9
257	99	10
34	231	10
279	266	8
157	95	4
115	210	10
160	190	9
34	41	10
279	37	5
79	185	4
166	146	3
99	273	10
26	200	4
257	92	10
229	68	10
162	108	4
110	92	10
62	209	10
260	186	10
254	146	6
5	108	4
79	198	4
260	140	10
175	103	4
155	246	4
99	9	7
110	69	10
145	32	9
175	220	4
209	239	9
281	124	9
141	113	10
94	54	2
233	262	10
79	221	9
260	252	10
115	180	10
279	89	10
222	238	4
215	209	10
179	94	9
207	232	10
104	183	10
8	172	4
2	7	6
62	226	10
2	239	9
43	94	9
114	202	9
62	17	10
259	213	10
279	18	10
33	124	9
143	239	9
156	57	9
127	285	10
179	64	10
45	168	9
113	117	7
29	108	4
74	108	4
193	238	4
55	190	9
22	243	4
104	138	10
134	191	4
207	210	10
195	112	9
0	7	6
260	108	4
29	220	4
141	278	4
110	176	10
109	184	10
67	135	6
279	49	10
114	78	10
165	239	9
195	270	10
159	283	10
11	198	4
55	32	9
280	69	10
232	108	4
153	182	10
38	146	6
260	264	10
157	185	4
279	24	10
36	239	9
184	14	6
127	121	10
1	95	4
136	135	6
244	266	4
127	82	10
235	146	3
2	137	7
13	30	4
109	252	10
28	94	9
113	286	9
282	123	10
110	50	10
167	117	7
62	115	10
207	254	10
93	194	4
236	96	9
127	160	10
179	53	10
260	253	10
257	190	9
50	137	7
59	241	4
5	32	9
249	1	10
46	170	9
255	273	10
231	124	9
101	103	4
260	243	4
25	95	4
50	135	6
257	239	9
257	177	10
256	54	9
175	227	4
259	282	10
104	186	10
254	30	4
281	98	10
78	172	4
126	180	10
87	214	4
34	118	10
233	271	7
120	146	6
69	168	9
141	259	10
145	96	9
285	135	6
120	30	4
141	105	10
63	135	3
212	137	7
76	185	4
259	192	10
259	112	9
62	29	10
235	193	10
245	216	7
129	7	6
33	267	9
11	108	4
125	158	4
163	103	4
6	200	4
141	80	10
213	7	6
150	32	9
193	135	6
115	205	10
260	181	10
57	173	2
259	199	10
279	105	10
176	103	4
62	159	10
11	173	9
201	215	10
44	168	9
99	290	8
127	6	10
59	290	4
142	238	4
15	206	4
184	124	9
201	288	10
141	227	8
115	277	10
109	264	10
261	146	3
179	79	10
53	202	9
99	271	7
78	88	10
179	113	10
165	127	10
123	50	10
78	41	10
141	149	10
255	205	10
78	278	4
28	23	7
121	32	9
18	124	9
225	135	3
163	37	5
33	108	4
179	147	10
79	91	7
165	93	10
201	108	4
207	146	6
127	148	10
104	45	10
179	288	10
159	59	10
87	22	10
264	32	9
155	77	9
59	190	9
18	202	9
126	209	10
260	40	10
101	135	6
61	57	9
75	103	4
1	111	4
279	155	10
127	85	10
121	56	4
98	153	5
165	217	10
209	290	4
3	94	9
165	95	4
178	206	4
255	256	10
82	265	9
229	197	10
115	273	10
236	31	4
109	93	10
196	200	4
62	90	10
142	103	4
74	267	9
282	76	10
228	117	7
209	107	4
2	111	4
196	267	9
165	59	10
212	135	6
252	185	4
179	162	10
157	135	6
207	236	10
131	223	5
45	267	9
277	124	9
289	146	6
99	36	10
62	148	10
26	103	4
159	35	5
176	23	5
234	98	10
222	286	9
46	37	7
114	229	10
193	91	7
28	56	4
86	32	9
274	271	7
187	30	4
163	146	6
150	244	10
104	110	10
100	189	10
120	56	4
34	36	10
109	228	10
175	206	4
271	160	3
213	14	6
61	58	5
141	72	10
193	16	7
179	140	10
282	78	10
110	183	10
245	103	4
120	9	7
83	135	6
266	204	0
273	190	9
257	142	10
118	185	4
110	132	10
15	185	4
187	124	9
257	198	4
149	202	9
10	103	4
140	146	6
114	168	9
104	274	10
74	114	10
165	39	10
102	56	4
127	25	10
234	54	9
78	29	10
179	130	10
33	290	4
264	266	4
115	121	10
226	96	9
149	94	9
275	94	9
127	80	10
165	91	7
127	258	10
114	233	10
216	138	3
93	168	9
219	116	4
255	280	5
279	275	10
187	16	7
165	251	10
62	22	10
280	64	10
283	243	4
26	203	4
251	103	4
167	94	9
255	150	10
26	94	9
43	54	9
104	177	10
175	30	4
187	31	4
90	185	4
187	152	4
179	221	9
34	137	7
87	184	10
118	158	4
102	227	8
215	243	4
143	147	10
112	124	2
184	146	6
186	126	5
215	5	10
104	159	10
49	268	4
1	190	9
98	241	4
207	182	10
154	60	7
160	95	4
198	185	1
211	168	9
2	91	7
106	206	4
101	96	9
131	185	4
127	59	10
28	111	4
110	274	10
140	108	4
159	137	7
282	219	10
273	30	4
40	185	4
64	168	9
85	168	9
115	99	10
123	286	9
229	94	9
260	32	9
183	116	4
257	67	10
219	135	6
92	227	4
85	95	4
18	116	4
62	87	10
279	151	10
109	146	6
283	30	4
279	110	10
133	238	4
240	57	9
164	31	4
53	124	9
61	54	9
123	211	10
98	30	4
287	290	4
181	122	4
1	14	6
179	54	9
61	242	4
256	103	4
114	52	10
217	30	4
205	23	5
165	85	10
240	14	6
249	111	4
115	196	10
259	150	10
76	116	4
178	32	9
277	94	9
252	238	4
115	127	10
259	260	10
259	237	10
141	271	7
244	95	4
104	244	10
201	135	6
232	290	4
189	139	7
260	36	10
160	290	4
126	46	10
180	116	4
15	96	9
192	77	9
285	220	8
126	147	10
101	75	10
110	169	10
244	54	9
160	203	4
259	257	10
176	239	9
199	242	4
71	135	3
150	14	6
149	30	4
127	120	10
212	14	6
186	241	4
65	158	4
165	139	7
179	231	10
282	100	5
174	206	4
260	275	10
175	290	4
1	243	4
62	114	10
192	265	9
102	14	6
279	219	10
283	116	4
50	54	9
260	244	10
40	265	9
195	69	10
229	238	4
259	33	10
176	57	9
232	94	9
62	151	10
115	64	10
229	194	4
127	157	10
228	271	7
154	238	4
104	136	10
59	108	4
179	138	10
51	30	4
251	111	4
162	290	4
201	87	10
79	20	4
259	259	10
143	20	4
44	243	4
207	60	7
179	20	8
11	168	9
133	112	9
148	200	4
74	94	9
1	225	7
179	143	10
55	202	9
156	94	9
99	66	7
59	30	4
134	54	9
131	146	6
147	238	4
207	51	10
201	185	4
237	290	4
175	260	10
154	80	10
165	53	10
181	170	9
272	96	9
115	101	10
69	191	4
62	166	7
179	216	5
240	96	9
110	219	10
82	185	4
109	133	10
110	186	10
279	78	10
70	185	4
149	249	6
259	15	10
274	168	9
51	172	4
109	149	10
254	239	9
226	171	9
62	163	10
88	265	9
153	92	10
44	108	4
179	264	10
199	95	4
260	177	10
11	184	10
62	96	9
283	54	9
196	103	4
254	57	9
160	124	9
121	124	9
287	173	9
153	39	10
257	43	10
132	198	4
269	266	4
86	208	7
141	155	10
255	164	10
232	204	9
55	135	6
98	108	4
131	202	9
5	239	9
226	32	9
110	159	10
62	274	10
141	132	10
257	182	10
252	56	4
90	94	9
104	37	5
129	198	4
127	186	10
141	106	10
279	109	10
43	238	4
127	182	10
87	54	9
179	145	10
50	30	4
99	227	8
260	134	10
49	168	9
127	275	10
74	19	10
282	151	10
76	194	4
195	206	4
209	117	7
165	212	10
257	32	9
181	206	4
272	103	4
260	249	10
165	55	10
147	191	4
281	190	9
255	46	10
199	54	9
114	190	9
130	271	7
175	83	10
104	8	10
249	172	4
233	190	9
234	22	10
70	20	8
118	54	9
259	231	10
50	3	4
36	37	5
207	192	10
83	137	5
76	32	9
75	194	4
201	37	5
5	137	7
249	202	9
180	7	6
226	94	9
52	94	9
132	57	9
98	206	4
257	219	10
199	166	7
193	266	4
67	244	6
115	245	10
68	135	6
143	112	9
255	106	10
235	80	10
259	220	4
148	111	4
109	207	10
99	96	9
115	207	10
78	108	4
249	10	10
79	238	4
236	57	9
142	267	9
70	137	7
193	14	6
99	249	10
55	7	6
164	139	7
117	7	3
115	244	10
141	226	10
11	181	10
165	87	10
148	198	4
104	75	10
62	260	10
104	201	10
90	14	6
104	0	10
80	32	9
22	198	4
70	221	9
212	95	4
250	135	3
207	251	10
207	237	10
155	202	9
129	290	4
276	211	3
281	135	6
234	202	9
145	71	7
127	193	10
181	135	6
121	178	10
155	185	4
269	155	10
83	32	9
222	239	9
37	146	3
62	132	10
110	167	10
133	139	7
229	39	10
104	145	10
159	96	9
59	14	6
120	239	9
20	54	0
78	175	10
22	7	6
213	94	9
89	54	9
257	37	5
141	165	10
233	266	4
140	30	4
104	69	10
109	285	10
255	236	10
79	107	4
1	73	7
167	170	9
113	32	9
61	173	9
15	122	4
207	253	10
110	198	4
126	145	10
50	96	9
110	30	4
26	71	7
87	38	10
236	122	8
226	168	9
65	30	4
279	200	4
79	190	9
141	146	6
67	239	9
12	14	3
123	5	10
68	290	4
257	30	4
193	198	4
62	101	10
229	135	6
13	117	7
207	183	10
260	189	10
229	198	4
130	112	9
254	56	4
90	32	9
211	30	4
137	135	3
127	249	10
61	56	4
93	280	7
141	100	7
179	4	10
133	171	9
140	14	6
43	227	4
74	266	4
127	24	10
2	221	9
123	94	9
113	3	4
197	235	5
229	54	9
83	286	9
167	239	9
233	142	10
254	198	4
259	2	10
159	77	9
22	185	4
141	277	10
121	39	10
43	30	4
34	215	10
53	290	4
141	141	10
110	260	10
213	108	4
275	32	9
174	7	6
115	274	10
75	116	4
186	152	4
217	216	7
207	59	10
34	289	10
154	51	10
162	32	9
141	224	10
189	137	7
40	168	9
69	204	9
255	147	10
115	17	10
240	111	4
217	95	4
104	53	10
83	94	9
289	96	9
99	185	4
110	7	6
179	131	10
262	198	4
98	239	9
133	198	4
74	254	10
259	146	6
115	55	10
93	56	4
26	172	4
160	161	7
156	108	4
175	108	4
235	189	10
280	65	10
273	54	9
131	268	4
211	191	4
189	95	4
253	96	9
279	74	10
215	278	4
43	32	9
282	135	6
40	57	9
104	179	10
104	226	10
259	121	10
52	246	4
197	94	9
234	139	7
78	181	10
70	227	4
154	177	10
269	128	10
141	219	10
87	94	9
255	281	10
279	162	10
0	95	4
18	108	4
165	92	10
39	185	4
281	62	10
269	30	4
90	168	9
269	268	8
260	2	10
126	135	3
285	95	4
127	42	7
49	94	9
109	55	10
259	78	10
210	265	9
154	172	4
262	190	9
207	2	10
159	205	10
179	61	10
114	239	9
5	23	5
109	234	10
151	14	6
179	104	10
18	30	4
269	231	10
210	220	4
109	284	10
269	108	4
113	23	5
164	124	9
244	191	4
18	58	5
123	122	8
44	242	4
171	94	9
260	290	4
86	20	4
275	95	4
279	176	10
279	147	10
275	185	4
255	165	10
205	94	9
165	71	7
133	30	4
251	30	4
126	195	10
2	97	7
207	56	4
114	282	10
269	224	10
159	168	9
92	32	9
40	238	4
277	271	7
110	226	10
127	253	10
233	57	9
176	54	9
288	146	6
131	173	9
259	27	5
196	116	4
201	102	10
215	135	6
255	74	10
153	94	9
76	54	9
201	39	10
179	251	10
115	133	10
24	7	6
254	14	6
195	233	10
228	95	4
255	62	10
129	216	7
207	252	10
163	152	4
160	267	9
141	130	10
207	241	4
74	146	6
118	111	4
226	146	6
277	220	4
87	226	10
82	152	4
5	122	4
123	221	9
179	269	10
126	183	10
88	286	9
159	198	4
270	206	4
259	163	10
260	232	10
260	44	10
47	198	4
279	68	10
264	54	9
179	70	10
153	2	10
176	238	4
98	60	5
75	135	6
169	7	6
251	230	5
195	198	4
99	160	10
176	190	9
10	290	4
109	142	10
257	237	10
207	145	10
126	253	10
242	243	1
190	267	2
126	19	10
51	14	6
189	227	4
179	87	10
216	135	3
141	280	7
256	290	4
233	144	10
285	98	10
75	200	4
169	200	4
13	135	6
120	202	9
113	173	9
281	160	10
40	146	6
215	228	10
232	170	9
62	290	8
259	124	9
219	103	4
240	185	4
179	31	4
237	239	9
205	95	4
104	279	10
153	181	10
50	239	9
109	103	4
207	55	10
62	99	10
233	198	4
115	145	10
255	55	10
209	238	4
287	54	9
142	7	6
61	116	4
126	184	10
279	9	7
109	98	10
58	146	3
74	284	10
195	94	9
257	33	10
216	54	9
86	290	4
160	14	6
133	173	9
287	30	4
45	242	4
260	185	4
141	269	10
178	238	4
282	181	10
98	227	4
144	103	4
217	200	4
283	241	4
83	91	7
105	185	4
22	107	4
256	20	4
34	185	4
150	278	4
165	176	10
209	94	9
73	125	10
215	175	10
115	154	10
83	290	4
90	95	4
141	251	10
257	121	10
36	108	4
259	134	10
216	23	3
110	121	10
259	252	10
189	108	4
62	130	10
127	124	9
195	168	9
53	57	9
130	57	9
255	159	10
189	265	9
123	194	4
79	135	6
75	32	9
169	32	9
28	135	6
69	185	4
73	79	10
279	251	10
279	133	10
209	103	4
136	173	9
282	206	4
110	59	10
87	29	10
110	184	10
109	176	10
205	116	4
127	123	10
126	79	10
74	118	10
0	185	4
279	264	10
110	72	10
174	216	7
115	289	10
141	148	10
154	32	9
279	175	10
176	173	9
113	103	4
260	115	10
176	243	4
115	69	10
179	106	10
255	245	10
150	238	4
257	290	8
78	192	10
175	229	10
34	14	6
26	111	4
116	94	9
100	61	10
165	36	10
109	123	10
142	271	7
207	285	10
177	220	4
105	172	4
69	30	4
215	263	7
207	129	10
6	206	4
260	289	10
193	168	9
249	54	9
34	103	4
62	259	10
15	7	6
259	173	9
181	108	4
24	220	4
205	286	9
212	116	4
159	95	4
260	147	10
141	177	10
61	238	4
142	290	4
231	185	4
215	275	10
127	180	10
172	56	1
131	112	9
62	70	10
272	54	9
109	28	6
62	37	5
98	37	5
255	148	10
279	26	10
62	33	10
234	30	4
258	190	9
179	30	4
8	227	4
108	112	0
141	174	10
40	135	6
199	14	6
184	168	9
55	243	4
189	32	9
282	126	5
99	7	6
110	253	10
288	57	9
195	26	10
1	227	4
196	243	4
235	251	10
62	133	10
141	103	8
76	103	4
82	221	9
141	68	10
207	26	10
255	217	10
12	7	3
160	239	9
257	116	4
207	189	10
109	216	7
109	206	4
15	168	9
282	156	10
222	290	4
88	103	4
90	7	6
86	48	5
126	51	10
222	278	4
195	30	4
176	111	4
154	242	4
189	153	5
177	32	9
74	191	8
39	108	4
229	85	10
129	146	6
260	234	10
153	165	10
83	202	9
259	47	10
255	18	10
121	229	10
133	200	4
126	47	10
192	30	4
87	36	10
193	30	4
235	4	10
151	278	4
36	135	6
195	239	9
141	238	4
110	49	10
114	150	10
120	95	4
62	155	10
130	14	6
121	162	10
62	38	10
120	185	4
151	54	9
258	95	4
104	54	9
212	96	9
99	167	10
215	95	4
141	175	10
126	177	10
88	203	4
273	204	9
62	109	10
59	94	9
29	202	9
175	80	10
1	54	9
232	96	9
165	270	10
222	139	7
215	244	10
87	177	10
102	185	4
211	108	4
109	258	10
254	261	5
253	168	9
259	128	10
255	65	10
285	198	4
113	172	4
127	210	10
36	124	9
154	62	10
50	200	4
193	170	9
22	14	6
222	20	4
207	111	4
62	53	10
103	54	0
104	213	10
283	122	4
61	135	6
279	174	10
257	234	10
231	268	4
18	280	7
125	32	9
229	231	10
249	100	7
275	23	7
195	70	10
1	146	6
141	0	10
102	239	9
114	47	10
126	28	10
24	57	9
159	7	6
255	184	10
121	155	10
127	90	10
224	135	6
87	167	10
62	136	10
244	198	4
46	42	7
175	168	9
127	174	10
207	275	10
131	56	4
174	246	4
89	227	4
259	56	4
184	171	9
141	150	10
86	108	4
109	189	10
114	4	10
165	69	10
165	252	10
260	169	10
115	136	10
249	36	10
189	96	9
233	269	10
79	94	9
154	182	10
179	226	10
126	244	10
121	156	10
228	246	4
221	286	2
283	95	4
149	37	5
254	32	9
134	168	9
229	239	9
279	128	10
177	168	9
232	32	9
155	111	4
138	7	6
55	108	4
130	239	9
187	54	9
189	264	6
104	232	10
46	227	4
101	14	6
207	177	10
13	239	9
110	33	10
18	204	9
164	94	9
46	267	9
257	130	10
113	23	7
287	198	4
22	57	9
6	276	7
245	96	9
254	238	4
24	111	4
249	135	6
104	127	10
72	135	6
121	80	10
53	239	9
244	122	4
62	176	10
240	54	9
148	116	4
179	72	10
70	290	4
255	233	10
75	20	4
257	135	6
115	61	10
279	274	10
110	125	10
272	290	4
126	156	10
159	238	4
131	290	4
127	290	4
179	132	10
255	168	9
209	214	4
31	77	0
127	212	10
165	108	4
215	236	10
80	168	9
26	112	9
38	116	4
127	224	10
150	54	9
102	9	7
175	181	10
104	210	10
110	197	10
189	137	5
46	191	4
120	108	4
147	152	4
115	167	10
82	95	4
167	103	4
114	277	10
228	32	9
181	194	4
257	160	10
80	267	9
62	98	10
255	134	10
99	120	10
101	116	4
115	176	10
121	75	10
88	54	9
99	95	4
154	152	8
178	119	5
101	227	4
141	51	10
39	266	4
217	47	6
258	94	9
34	78	10
109	108	4
75	190	9
38	124	9
184	107	4
51	95	4
33	96	9
148	135	6
165	89	10
123	181	10
11	145	10
201	178	10
141	82	10
118	268	4
176	172	4
62	46	10
80	276	7
234	238	4
277	168	9
162	168	9
257	227	8
22	168	9
105	290	4
237	103	4
143	146	6
148	238	4
141	138	10
196	137	7
235	192	10
38	227	4
67	131	6
289	124	9
205	239	9
126	144	10
22	91	7
207	98	10
143	238	4
219	122	4
193	221	9
179	259	10
222	95	4
260	141	10
199	243	4
249	95	4
287	108	4
199	30	4
74	125	10
279	277	10
109	40	10
88	14	6
262	14	6
141	274	10
109	232	10
175	3	4
154	88	10
248	113	10
257	55	10
54	94	2
126	72	10
189	168	9
150	94	9
279	130	10
259	132	10
129	221	9
248	25	10
126	2	10
207	203	4
126	87	10
257	114	10
48	14	3
141	278	8
178	30	4
141	37	5
186	139	7
233	20	4
114	157	10
219	32	9
39	188	7
50	286	9
195	184	10
26	238	4
83	116	4
257	108	4
49	185	4
166	135	3
114	141	10
179	240	10
62	149	10
99	62	10
105	117	7
235	7	3
259	114	10
274	135	6
233	135	6
47	204	9
141	209	10
126	33	10
255	132	10
155	267	9
138	203	4
104	281	10
245	223	7
260	211	10
175	172	4
194	221	0
34	95	4
259	89	10
85	278	4
78	185	4
123	39	10
165	9	7
132	7	6
274	227	4
213	278	4
109	183	10
113	171	9
36	198	4
87	88	10
88	185	4
189	146	6
258	171	9
98	278	4
104	26	10
76	112	9
87	41	10
100	169	10
249	170	9
34	194	4
126	123	10
237	95	4
76	124	9
72	124	9
53	108	4
25	108	4
134	135	6
65	7	6
143	94	9
163	286	9
215	110	10
259	186	10
121	88	10
279	160	10
74	178	10
62	228	10
62	140	10
1	242	4
18	200	4
287	223	7
39	173	9
145	95	4
157	77	9
259	172	4
114	50	10
126	150	10
104	125	10
2	139	7
22	271	7
62	36	10
133	218	7
279	113	10
262	30	4
165	274	10
279	75	10
217	290	4
159	209	10
127	5	10
215	146	6
205	103	4
67	278	4
149	71	7
143	162	10
222	94	9
259	181	10
98	96	9
269	190	9
212	9	7
196	54	9
55	185	4
251	108	4
127	211	10
169	27	7
115	238	4
260	41	10
115	187	10
141	201	10
279	285	10
195	154	10
115	211	10
104	143	10
252	96	9
67	30	4
215	115	10
115	26	10
47	96	9
189	152	4
257	118	10
34	238	4
120	198	4
279	177	10
270	96	9
283	278	4
50	204	9
207	58	5
147	246	4
189	116	4
47	267	9
165	110	10
113	14	6
175	108	8
17	54	9
231	227	4
213	96	9
201	28	10
197	3	4
129	94	9
34	182	10
83	221	9
45	7	6
279	212	10
258	23	7
257	167	10
210	30	4
179	92	10
115	88	10
207	30	4
114	123	10
0	200	4
279	69	10
109	138	10
201	111	4
59	56	4
46	290	4
207	186	10
162	94	9
75	54	9
169	54	9
101	117	7
140	185	4
209	243	4
140	71	7
240	203	4
127	103	4
70	103	4
62	197	10
235	86	10
90	48	5
227	54	0
110	115	10
283	168	9
269	209	10
22	216	5
275	168	9
55	146	6
110	249	10
46	124	9
150	192	10
69	94	9
99	163	10
259	268	4
234	137	7
141	282	10
260	79	10
117	54	9
165	182	10
260	179	10
157	91	7
76	84	5
109	211	10
25	54	9
110	32	9
285	32	9
141	288	10
82	203	4
22	94	9
255	5	10
18	3	4
40	54	9
123	182	10
127	46	10
189	23	7
253	247	4
245	168	9
126	68	10
92	14	6
79	32	9
87	208	7
140	135	6
192	214	4
219	239	9
179	89	10
196	190	9
279	283	10
109	238	4
5	20	4
93	23	5
207	269	10
51	194	4
28	290	4
217	198	4
165	38	10
234	249	10
74	103	4
148	290	4
199	168	9
210	185	4
207	39	10
69	286	9
151	135	6
279	253	10
262	108	4
255	207	10
65	58	5
252	240	10
88	96	9
260	210	10
88	94	9
62	180	10
270	191	4
142	185	4
0	30	4
179	123	10
257	11	10
62	11	10
280	67	10
121	186	10
264	112	9
147	266	4
187	235	5
151	20	4
28	173	9
178	239	9
43	168	9
72	30	4
181	95	4
121	145	10
8	173	9
17	116	4
248	93	10
207	172	4
255	270	10
260	104	10
262	56	4
92	73	7
174	276	7
156	265	9
141	53	10
60	187	3
175	95	4
279	232	10
51	111	4
148	173	9
260	5	10
110	135	6
280	257	10
51	203	4
255	108	8
80	30	4
44	94	9
24	32	9
159	219	10
34	94	9
229	103	4
115	201	10
165	33	10
249	233	10
99	54	9
219	37	5
90	96	9
121	254	10
5	198	4
33	239	9
110	157	10
165	199	10
126	64	10
279	138	10
143	290	4
5	206	4
121	82	10
175	186	10
274	278	4
255	283	10
74	56	4
127	228	10
281	243	4
255	43	10
79	216	7
168	32	2
15	265	9
236	168	9
141	182	10
175	145	10
269	159	10
62	39	10
232	95	4
43	146	6
205	135	6
135	54	9
157	168	9
262	170	9
134	173	9
264	117	7
272	117	7
114	214	4
126	14	3
38	30	4
257	140	10
106	96	9
201	36	10
98	276	7
52	112	9
51	71	7
78	256	10
282	227	8
201	117	7
257	180	10
249	9	7
249	203	4
120	243	4
233	204	9
181	267	9
179	260	10
78	211	10
110	28	10
126	115	10
99	103	8
123	235	7
80	185	4
155	290	4
165	8	10
279	270	10
149	107	4
109	43	10
192	220	4
115	262	10
179	55	10
148	108	4
88	247	4
6	30	4
104	238	4
36	185	4
99	221	9
25	112	9
26	202	9
64	185	4
18	54	9
93	54	9
34	1	10
123	120	10
255	259	10
25	216	7
255	87	10
207	46	10
244	32	9
133	172	4
251	172	4
33	135	6
109	148	10
279	224	10
207	279	10
282	144	10
36	54	9
127	132	10
249	34	10
281	279	10
233	242	4
78	259	10
231	96	9
92	185	4
140	7	6
130	30	4
25	185	4
131	7	6
97	94	9
47	77	9
213	139	7
143	50	10
255	33	10
207	169	10
155	137	7
132	58	5
255	279	10
42	14	3
195	281	10
268	54	0
115	6	10
34	60	5
252	116	4
106	32	9
89	111	4
97	135	3
52	198	4
121	40	10
104	46	10
144	170	9
207	88	10
260	187	10
67	214	4
256	112	9
183	54	9
114	242	4
51	239	9
53	139	7
118	239	9
69	139	7
233	185	4
215	103	4
264	290	4
281	266	4
114	212	10
149	200	4
104	135	6
117	280	3
109	275	10
50	124	9
109	162	10
39	265	9
235	175	10
62	40	10
110	58	5
279	181	10
183	276	7
289	14	6
115	288	10
114	219	10
90	135	6
88	220	4
34	9	7
87	86	10
201	31	4
87	40	10
109	68	10
25	94	9
76	290	4
127	147	10
25	96	9
141	163	10
2	198	4
258	170	9
195	191	4
201	159	10
127	170	9
75	139	7
39	31	4
40	239	9
41	54	9
110	4	10
260	69	10
213	168	9
93	238	4
73	14	3
110	154	10
62	32	9
59	32	9
279	228	10
114	137	7
237	243	4
255	109	10
110	164	10
13	208	7
282	70	10
76	95	4
207	14	6
1	239	9
200	202	0
257	40	10
163	91	7
150	70	10
280	99	10
92	95	4
45	173	6
115	45	10
184	267	9
266	191	1
176	168	9
165	254	10
257	184	10
17	268	4
29	198	4
80	239	9
257	34	10
59	185	4
281	173	9
255	37	5
259	193	10
110	212	10
123	158	4
178	14	6
46	103	4
80	135	6
277	32	9
69	266	4
209	278	4
154	189	10
109	7	6
165	140	10
127	115	10
62	138	10
68	124	9
257	240	10
159	108	4
262	94	9
67	32	9
259	49	10
121	203	8
121	96	9
93	57	9
153	147	10
105	32	9
138	173	9
279	129	10
64	94	9
74	7	6
255	28	10
115	160	10
121	214	4
279	106	10
47	3	4
62	50	10
256	168	9
62	83	10
255	14	6
110	74	10
254	103	4
259	34	10
281	267	9
215	95	8
181	3	4
33	94	9
73	135	3
83	95	4
126	146	3
109	251	10
123	157	10
186	239	9
72	108	4
187	116	4
244	96	9
243	54	9
78	20	8
83	3	4
207	43	10
89	124	9
126	29	10
8	73	7
211	286	9
99	117	7
162	107	4
74	74	10
126	233	10
8	7	6
266	267	0
201	173	9
64	14	6
289	200	4
121	26	10
39	170	9
28	7	6
180	107	4
188	135	3
32	168	2
207	245	10
33	149	10
179	33	10
110	215	10
104	139	7
162	91	7
108	54	0
114	148	10
269	198	4
205	30	4
110	107	4
197	265	9
277	146	6
62	168	9
232	271	7
157	198	4
226	54	9
127	79	10
224	116	4
141	122	4
167	168	9
110	285	10
26	171	9
281	182	10
150	123	10
288	172	4
287	103	4
69	32	9
13	137	7
124	54	9
259	182	10
144	96	9
101	89	10
179	142	10
256	96	9
76	7	6
126	257	10
269	227	4
280	228	10
73	134	10
143	172	4
165	102	10
150	78	10
52	221	9
197	152	4
232	14	6
145	146	6
217	111	4
288	37	5
126	282	10
169	95	4
165	255	10
236	171	9
66	7	3
121	57	9
0	152	4
87	181	10
78	82	10
279	1	10
62	106	10
260	37	5
179	81	10
179	15	10
177	135	6
279	164	10
255	129	10
91	14	3
104	249	10
255	176	10
110	85	10
70	135	6
218	146	3
186	204	9
192	268	4
144	278	4
195	249	10
279	36	10
224	66	7
2	94	9
141	101	10
183	172	4
110	148	10
109	199	10
273	191	4
85	198	4
279	290	4
141	164	10
121	103	4
15	204	9
82	137	7
173	54	9
34	288	10
197	135	6
269	59	10
259	52	10
116	124	0
288	198	4
141	139	7
236	56	4
282	160	10
274	266	4
231	220	4
279	244	10
52	137	7
259	107	4
62	277	10
179	18	10
123	147	10
50	20	4
101	163	10
288	111	4
255	98	10
64	198	4
274	191	4
36	30	4
62	236	10
15	239	9
120	124	9
279	222	10
34	138	10
143	268	4
179	71	7
279	288	10
110	168	9
53	56	4
93	9	7
165	162	10
237	94	9
110	94	9
15	108	4
93	290	4
193	32	9
180	96	9
153	193	10
109	106	10
149	57	9
115	7	6
219	185	4
150	164	10
178	166	7
229	10	10
285	59	10
201	75	10
257	175	10
201	169	10
17	32	9
78	111	4
25	198	4
18	9	7
85	172	4
53	198	4
127	233	10
115	144	10
280	187	10
121	117	7
141	285	10
152	94	9
281	209	10
144	135	6
279	239	9
110	99	10
74	135	6
150	139	7
259	174	10
207	209	10
181	171	9
93	103	8
201	54	9
104	287	10
279	61	10
126	109	10
53	203	4
175	112	9
259	228	10
179	46	10
207	215	10
19	238	4
136	32	9
193	191	4
279	98	10
207	282	10
22	208	7
212	206	4
228	30	4
219	227	4
257	146	6
176	185	4
72	198	4
133	290	4
213	290	4
46	95	4
22	152	4
207	62	10
153	5	10
93	185	4
199	290	4
259	4	10
144	185	4
182	94	9
154	286	9
47	30	4
98	214	4
6	96	9
201	32	9
33	103	4
259	95	8
34	251	10
282	194	4
179	184	10
102	57	9
100	163	10
207	109	10
215	70	10
154	175	10
88	168	9
195	175	10
115	34	10
180	124	9
257	256	10
148	112	9
126	245	10
163	198	4
39	239	9
211	96	9
127	259	10
256	111	4
104	215	10
46	172	4
126	288	10
244	166	7
283	242	4
74	243	4
46	100	5
109	32	9
253	218	5
104	49	10
154	54	9
29	7	6
138	238	4
179	10	10
47	241	4
141	189	10
21	7	3
207	50	10
65	278	4
64	239	9
123	227	4
207	7	6
255	196	10
136	168	9
147	137	7
109	10	10
114	269	10
179	19	10
43	271	7
204	94	9
255	127	10
64	243	4
235	50	10
49	54	9
62	61	10
154	217	10
195	78	10
259	37	5
101	268	4
115	198	4
288	135	6
289	185	4
233	32	9
212	238	4
249	94	9
264	168	9
24	168	9
28	107	4
0	126	5
195	120	10
212	203	4
101	290	4
226	191	4
51	238	4
165	46	10
258	168	9
157	265	9
42	135	3
109	67	10
109	273	10
114	30	4
113	194	4
197	139	7
90	30	4
272	108	4
133	265	9
154	199	10
68	185	4
6	238	4
121	242	4
25	238	4
18	194	4
123	2	10
255	135	6
52	31	4
147	30	4
229	9	7
104	280	5
123	7	6
184	54	9
213	238	4
109	78	10
121	144	10
74	190	9
82	276	7
223	135	3
78	200	4
277	206	4
40	95	4
255	94	9
115	4	10
179	137	7
257	50	10
50	171	9
72	117	7
207	259	10
58	7	3
64	238	4
189	54	9
69	14	6
126	83	10
143	180	10
210	203	4
187	263	7
281	206	4
285	283	10
104	258	10
114	153	5
215	213	10
104	61	10
258	32	9
102	216	7
285	19	10
132	108	4
260	193	10
235	89	10
23	14	3
187	122	4
189	206	4
199	271	7
150	239	9
279	0	10
153	135	3
165	142	10
237	198	4
177	171	9
141	95	4
109	278	4
33	37	7
282	209	10
134	190	9
50	203	4
219	57	9
159	54	9
8	290	4
76	238	4
228	153	7
75	158	4
169	108	4
142	107	4
70	54	9
143	266	4
113	111	4
213	137	7
115	278	4
61	171	9
104	288	10
115	163	10
133	185	4
13	14	6
115	93	10
59	286	9
179	135	6
201	53	10
132	32	9
62	215	10
159	236	10
178	23	7
98	23	5
39	103	4
98	124	9
144	242	4
87	145	10
115	75	10
115	169	10
154	135	6
211	185	4
240	204	9
109	101	10
215	286	9
39	7	6
101	239	9
92	239	9
219	124	9
10	7	6
141	199	10
37	14	3
195	54	9
260	175	10
38	290	4
126	179	10
259	26	10
127	4	10
15	31	4
215	116	4
79	290	4
130	54	9
281	290	4
165	44	10
115	72	10
260	138	10
83	117	7
62	55	10
126	231	10
79	54	9
109	236	10
255	285	10
165	256	10
82	238	4
234	87	10
74	160	10
78	206	4
109	277	10
197	96	9
279	125	10
159	30	4
114	98	10
27	14	3
10	108	4
257	272	10
92	108	4
180	94	9
260	213	10
52	14	6
109	76	10
248	24	10
207	207	10
179	32	9
155	172	4
258	30	4
118	214	4
270	14	6
165	168	9
104	1	10
125	168	9
186	220	4
178	267	9
244	103	4
69	95	4
285	30	4
187	168	9
207	44	10
127	78	10
126	240	10
184	27	7
147	198	4
154	227	4
38	108	4
98	168	9
288	200	4
28	103	4
257	28	10
265	77	2
45	103	4
260	74	10
279	107	4
269	103	4
289	108	4
210	135	6
282	102	10
176	108	4
164	203	4
33	81	10
219	9	5
98	198	4
141	196	10
62	207	10
213	95	4
254	54	9
77	265	2
115	130	10
285	108	4
121	53	10
62	271	7
186	286	9
255	125	10
159	206	4
270	198	4
127	251	10
259	96	9
115	129	10
270	171	9
126	187	10
102	32	9
126	104	10
87	0	10
64	95	4
110	199	10
124	94	9
279	45	10
25	239	9
207	142	10
210	103	4
58	14	3
141	118	10
260	52	10
115	162	10
66	14	3
270	71	7
256	185	4
150	189	10
148	30	4
118	103	4
245	32	9
114	228	10
87	206	4
78	94	9
259	211	10
255	178	10
215	30	4
19	235	5
10	94	9
106	265	9
177	203	4
121	0	10
79	170	9
104	76	10
195	273	10
252	18	10
164	185	4
197	204	9
222	103	4
277	194	4
24	94	9
215	168	9
260	258	10
215	108	4
110	61	10
269	94	9
277	103	4
99	198	4
101	54	9
11	204	9
193	97	7
205	223	5
260	22	10
1	7	6
183	95	4
159	249	10
29	173	9
141	232	10
275	96	9
69	20	8
257	282	10
179	212	10
179	125	10
115	27	5
23	146	3
156	32	9
105	57	9
109	187	10
115	105	10
209	208	7
141	121	10
189	117	7
179	67	10
257	9	7
279	282	10
93	200	4
1	112	9
257	104	10
93	108	4
110	288	10
160	54	9
260	67	10
167	96	9
109	26	10
39	243	4
187	107	4
109	130	10
129	168	9
64	227	4
165	262	10
179	7	6
93	276	7
90	271	7
38	173	9
87	227	4
71	14	3
260	255	10
98	112	9
15	77	9
110	231	10
279	189	10
259	245	10
165	146	6
78	116	4
175	109	10
207	90	10
26	146	6
110	206	4
79	241	4
70	173	9
289	227	4
183	216	5
49	146	6
134	103	4
207	175	10
110	275	10
121	281	10
149	198	4
141	78	10
126	197	10
109	283	10
141	46	10
52	135	6
178	286	9
88	206	4
207	69	10
15	3	4
269	238	4
11	112	9
46	14	6
62	19	10
257	19	10
249	14	6
109	102	10
127	88	10
50	94	9
22	124	9
15	268	4
279	54	9
132	185	4
189	94	9
179	151	10
60	146	3
114	192	10
71	146	3
260	143	10
75	168	9
47	265	9
150	135	6
169	286	9
100	289	10
217	238	4
102	71	7
99	115	10
104	264	10
217	108	4
226	198	4
236	242	4
127	57	9
257	8	10
38	135	6
141	44	10
264	146	6
260	6	10
113	290	4
201	10	10
26	54	9
127	215	10
33	198	4
62	275	10
141	109	10
243	242	1
148	168	9
164	216	7
133	56	4
251	56	4
281	65	10
179	154	10
50	278	4
141	75	10
141	169	10
255	167	10
24	117	7
257	128	10
47	239	9
215	50	10
114	17	10
175	192	10
237	108	4
165	257	10
114	200	4
67	268	4
212	218	7
208	135	3
127	168	9
165	4	10
85	173	9
260	229	10
262	191	4
150	198	4
76	208	7
260	274	10
115	233	10
147	96	9
110	201	10
179	34	10
125	198	4
280	245	10
110	43	10
279	5	10
0	146	6
115	269	10
179	164	10
120	265	9
19	214	4
217	112	9
180	239	9
255	4	10
115	92	10
26	7	6
260	124	9
228	278	4
143	59	10
197	103	4
126	205	10
5	96	9
255	44	10
114	206	8
141	236	10
186	185	4
274	146	6
212	62	10
240	290	4
189	278	4
156	185	4
259	29	10
270	135	6
201	227	4
2	96	9
62	284	10
50	56	4
70	158	8
229	7	6
130	185	4
102	172	4
229	209	10
240	91	7
5	185	4
207	83	10
245	12	7
130	95	4
141	17	10
165	112	9
179	236	10
183	56	4
181	168	9
9	146	3
104	132	10
55	112	9
24	103	4
2	223	5
109	262	10
110	79	10
233	278	4
147	221	9
201	149	10
281	50	10
236	112	9
13	32	9
109	118	10
90	238	4
255	238	4
143	67	10
25	70	10
93	202	9
252	95	4
99	107	4
255	138	10
34	98	10
50	31	4
255	116	4
109	127	10
127	270	10
74	196	10
181	247	4
115	47	10
99	78	10
201	18	10
196	271	7
258	14	6
260	116	4
162	146	6
119	146	3
179	127	10
169	216	5
26	14	6
125	171	9
62	8	10
62	82	10
269	7	6
235	163	10
121	238	4
100	89	10
127	172	4
115	287	10
255	213	10
283	265	9
257	89	10
109	113	10
115	43	10
52	57	9
110	25	10
236	135	6
110	146	6
179	238	4
10	54	9
78	15	10
197	239	9
254	111	4
167	198	4
144	238	4
105	227	4
55	94	9
109	185	4
118	286	9
163	111	4
115	229	10
131	198	4
153	163	10
115	283	10
114	103	4
17	56	4
22	139	7
136	238	4
144	108	4
260	160	10
75	152	4
110	138	10
160	146	6
162	56	4
142	23	7
167	238	4
163	173	9
6	7	6
62	49	10
98	238	4
196	238	4
289	214	4
281	222	10
87	15	10
74	244	10
73	245	10
74	120	10
51	198	4
255	93	10
138	290	4
178	91	7
259	289	10
156	194	4
109	139	7
18	37	5
184	185	4
222	185	4
212	239	9
109	195	10
75	124	9
257	183	10
62	107	4
86	96	9
197	146	6
34	206	4
11	111	4
109	244	10
28	54	9
281	103	4
264	30	4
29	146	6
150	137	7
156	168	9
255	144	10
60	135	3
257	279	10
249	47	10
207	191	4
232	7	6
109	135	6
68	112	9
50	206	4
213	152	4
41	94	9
109	141	10
127	68	10
213	206	4
179	207	10
256	94	9
145	220	4
68	103	4
113	96	9
69	77	9
126	157	10
51	173	9
257	129	10
240	198	4
133	239	9
126	215	10
110	244	10
157	103	4
229	206	4
127	173	9
231	290	4
62	113	10
257	209	10
1	200	4
150	227	8
186	32	9
224	146	6
254	37	5
163	238	4
124	221	2
249	171	9
269	5	10
121	51	10
98	137	7
231	173	9
123	20	4
272	109	6
165	228	10
127	87	10
274	238	4
178	168	9
156	54	9
165	107	4
29	191	4
141	205	10
255	149	10
25	9	7
11	233	10
109	132	10
257	10	10
176	146	6
279	32	9
195	236	10
36	278	4
74	198	4
17	103	4
257	113	10
285	238	4
248	146	3
134	278	4
44	239	9
212	290	4
0	168	9
64	107	4
24	204	9
176	112	9
114	182	10
36	168	9
279	46	10
127	43	10
116	194	1
8	267	9
28	243	4
62	85	10
222	241	4
38	57	9
33	45	10
78	121	10
201	112	9
79	239	9
109	281	10
207	33	10
99	209	10
0	203	4
109	54	9
255	24	10
211	153	7
44	214	4
154	163	10
207	118	10
121	168	9
72	185	4
283	31	4
8	94	9
0	31	4
255	140	10
69	268	4
143	216	5
39	14	6
121	33	10
219	170	9
127	134	10
192	239	9
136	271	7
255	36	10
29	96	9
259	109	10
157	3	4
164	103	4
229	137	7
127	150	10
255	254	10
255	86	10
115	178	10
25	206	4
255	195	10
257	244	10
275	124	9
2	32	9
255	162	10
121	14	6
163	116	4
88	116	4
234	37	5
276	135	3
141	284	10
233	78	10
174	238	4
175	198	4
127	197	10
25	290	4
104	25	10
117	14	3
199	77	9
257	274	10
109	41	10
154	103	4
257	17	10
100	14	3
179	17	10
205	108	4
201	148	10
89	96	9
193	57	9
179	167	10
267	190	2
270	266	4
119	14	3
15	94	9
114	41	10
147	290	4
127	40	10
115	249	10
109	274	10
110	284	10
255	288	10
245	54	9
62	54	9
207	288	10
279	103	4
68	227	4
255	154	10
78	152	4
255	105	10
179	216	7
109	81	10
109	237	10
121	2	10
179	165	10
195	46	10
136	111	4
179	139	7
153	46	10
257	176	10
257	108	8
120	242	4
138	111	4
104	92	10
9	94	9
288	103	4
277	14	6
163	168	9
102	146	6
207	233	10
127	185	4
192	137	7
11	278	8
279	95	4
252	126	5
115	251	10
160	198	4
109	87	10
153	47	10
209	265	9
282	175	10
104	231	10
257	201	10
73	201	10
259	70	10
247	94	9
104	95	4
88	221	9
255	61	10
145	20	4
279	86	10
23	54	9
270	290	4
178	37	5
254	108	4
70	172	4
259	258	10
258	239	9
258	103	4
87	209	10
247	96	0
255	95	4
0	96	9
138	54	9
252	154	10
104	52	10
115	107	4
273	108	4
0	190	9
254	116	4
30	221	0
67	185	4
149	21	7
40	30	4
25	228	10
212	54	9
235	135	3
229	158	4
196	168	9
127	181	10
121	29	10
169	202	9
75	202	9
36	146	6
113	124	9
62	183	10
127	252	6
179	109	10
165	244	10
257	151	10
55	198	4
52	173	9
165	259	10
285	107	4
271	135	3
138	214	4
154	211	10
154	244	10
248	11	10
232	266	4
11	146	6
205	96	9
229	290	4
26	242	4
283	238	4
115	112	9
70	206	4
257	159	10
104	81	10
232	124	9
110	189	10
281	7	6
126	193	10
75	23	5
175	23	5
130	77	9
259	239	9
257	277	10
145	94	9
193	112	9
165	136	10
228	290	4
264	95	4
22	12	7
149	7	6
256	117	7
41	54	9
99	139	7
62	104	10
231	146	6
6	32	9
165	51	10
34	249	10
45	146	6
134	267	9
99	206	4
79	96	9
86	198	4
260	270	10
234	134	10
104	166	7
236	54	9
62	232	10
143	137	7
260	88	10
244	202	9
240	117	7
127	36	10
183	137	7
154	168	9
237	235	5
193	185	4
115	79	10
207	47	10
272	146	6
259	184	10
115	131	10
6	168	9
285	262	10
110	130	10
126	7	3
40	112	9
62	121	10
115	150	10
183	124	9
255	49	10
55	54	9
226	112	9
5	146	6
281	170	9
141	129	10
69	135	6
255	11	10
148	172	4
155	139	7
6	139	7
36	14	6
195	196	10
118	238	4
133	204	9
47	238	4
26	135	6
285	231	10
62	238	4
191	266	1
121	270	10
260	87	10
154	186	10
55	290	4
259	253	10
197	77	9
62	3	4
262	266	4
262	185	4
74	32	9
274	190	9
46	54	9
8	32	9
150	175	10
67	202	9
236	94	9
110	273	10
143	213	10
126	105	10
134	185	4
150	95	4
255	77	9
179	86	10
262	112	9
249	239	9
229	175	10
110	252	10
123	177	10
244	94	9
179	290	8
59	268	4
109	140	10
141	88	10
115	24	10
6	58	5
234	116	4
22	223	5
114	22	10
288	171	9
47	168	9
99	202	9
141	98	10
154	131	10
199	238	4
141	85	10
106	95	4
277	96	9
141	54	9
22	221	9
192	223	5
260	197	10
75	185	4
169	185	4
28	278	4
110	54	9
126	285	10
33	219	10
279	163	10
277	135	6
179	76	10
38	200	4
109	29	10
257	179	10
55	221	9
9	135	3
257	137	7
262	146	6
282	1	10
1	32	9
279	51	10
169	14	6
282	54	9
179	118	10
257	2	10
62	26	10
260	150	10
36	112	9
87	185	4
2	37	5
259	60	5
24	290	4
256	30	4
205	77	9
262	96	9
283	204	9
224	30	4
191	190	0
126	6	10
10	30	4
39	124	9
145	152	4
179	273	10
226	95	4
52	96	9
273	276	7
115	217	10
272	198	4
184	242	4
207	11	10
2	190	9
217	103	4
102	58	5
100	175	10
226	14	6
195	283	10
282	183	10
65	135	6
118	7	6
110	17	10
127	50	10
141	41	10
113	146	6
282	218	5
73	7	3
115	19	10
150	87	10
99	30	4
213	54	9
121	192	10
28	14	6
126	229	10
46	112	9
283	161	7
127	74	10
104	43	10
245	94	9
67	168	9
133	194	4
230	135	3
62	30	4
174	267	9
260	78	10
207	258	10
154	190	9
234	214	8
157	122	4
68	94	9
212	26	10
283	218	6
180	185	4
179	5	10
275	103	4
1	108	4
0	171	9
38	238	4
126	22	10
133	203	4
19	117	7
62	9	7
89	185	4
283	108	4
126	186	10
127	20	4
101	98	10
234	227	8
259	110	10
104	72	10
76	171	9
123	197	10
257	127	10
192	198	4
105	239	9
175	196	10
110	196	10
18	168	9
165	131	10
249	290	4
207	160	10
69	137	7
38	111	4
67	238	4
109	287	10
215	51	10
110	45	10
39	150	6
245	278	4
74	265	9
98	54	9
148	20	4
197	32	9
282	89	10
110	178	10
181	32	9
74	264	10
211	95	4
114	39	10
219	220	4
86	139	7
141	28	10
254	168	9
289	111	4
8	168	9
51	54	9
109	99	10
201	98	10
109	36	10
88	238	4
249	275	10
279	34	10
52	58	5
39	206	4
181	286	9
134	108	4
109	69	10
215	114	10
141	156	10
141	237	10
163	139	7
279	70	10
196	171	9
212	94	9
245	286	9
279	136	10
105	173	9
259	86	10
270	95	4
147	23	5
21	14	3
152	77	0
141	7	6
99	108	4
274	185	4
211	54	9
165	238	4
165	31	8
153	80	10
26	290	4
11	30	4
186	221	9
177	122	4
235	177	10
258	185	4
75	60	5
259	168	9
231	152	4
33	14	6
24	112	9
29	152	4
109	181	10
199	198	4
15	221	9
33	171	9
154	202	9
207	167	10
211	204	9
67	200	4
141	33	10
101	190	9
257	251	10
281	133	10
83	242	4
207	110	10
281	171	9
207	266	8
255	289	10
183	168	9
165	281	10
109	215	10
53	30	4
165	154	10
98	91	7
210	238	4
252	94	9
238	239	0
93	124	9
43	290	4
73	156	10
165	98	10
179	44	10
126	55	10
180	137	7
207	274	10
261	7	3
257	232	10
215	96	9
165	231	10
114	86	10
115	179	10
93	111	4
281	198	4
165	155	10
126	274	10
165	269	10
115	135	6
5	204	9
145	191	4
252	144	10
19	94	9
233	243	4
215	185	4
127	135	6
40	203	4
255	34	10
259	108	4
25	103	4
237	96	9
175	135	6
1	191	4
2	54	9
62	189	10
2	95	4
257	0	10
64	202	9
76	12	7
211	94	9
289	194	4
113	107	4
234	206	4
127	255	10
249	87	10
110	192	10
228	220	4
109	174	10
141	19	10
215	107	4
141	92	10
79	168	9
260	80	10
115	272	10
127	145	10
2	3	4
64	58	5
279	279	10
207	86	10
181	96	9
181	14	6
102	54	9
154	0	10
229	289	10
143	96	9
165	79	10
127	229	10
38	185	4
61	100	6
177	107	4
51	116	4
65	146	6
109	209	10
10	32	9
75	56	4
134	14	6
62	44	10
249	19	10
115	276	7
142	227	4
254	124	9
260	132	10
144	162	6
121	15	10
212	56	4
233	206	4
234	7	6
93	135	6
279	8	10
274	56	4
109	239	9
131	32	9
114	15	10
281	149	10
82	77	9
288	71	7
282	141	10
178	108	4
87	108	4
278	94	9
105	54	9
89	278	4
179	98	10
84	163	3
279	101	10
92	94	9
256	238	4
83	168	9
141	249	10
257	243	4
102	220	4
148	7	6
196	112	9
33	107	4
207	150	10
67	146	6
104	109	10
89	239	9
61	95	4
165	43	10
259	232	10
260	163	10
273	238	4
98	137	5
44	103	4
273	14	6
34	70	10
110	81	10
110	237	10
215	251	10
17	290	4
255	8	10
255	76	10
229	96	9
255	41	10
110	190	9
161	135	3
159	31	4
26	185	4
175	214	4
126	15	10
29	32	9
273	170	9
207	159	10
196	9	7
224	268	4
109	260	10
179	176	10
82	108	4
192	71	7
11	116	4
110	210	10
86	239	9
211	238	4
181	223	5
5	168	9
183	185	4
62	7	6
33	22	10
5	220	4
259	123	10
187	278	4
115	147	10
5	71	7
78	50	10
179	129	10
130	103	4
259	177	10
52	54	9
89	170	9
8	185	4
100	7	3
55	227	4
127	257	10
15	220	4
262	242	4
123	111	4
143	70	10
231	57	9
127	252	10
187	96	9
110	53	10
164	7	6
102	238	4
0	198	4
263	14	3
165	219	10
115	33	10
189	247	4
184	94	9
193	124	9
177	238	4
109	33	10
115	281	10
104	167	10
127	274	10
257	98	10
114	178	10
99	158	4
99	264	10
252	244	10
280	226	10
141	55	10
145	221	9
63	7	3
129	108	4
179	25	10
62	179	10
114	194	4
233	2	10
288	238	4
160	168	9
88	122	4
178	54	9
207	144	10
279	273	10
114	241	4
109	259	10
150	96	9
1	290	4
19	168	9
60	94	9
279	76	10
104	105	10
148	94	9
260	209	10
62	123	10
140	94	9
87	77	9
156	37	5
229	158	8
125	173	9
193	56	4
154	116	4
181	239	9
184	108	4
154	198	4
127	31	8
123	215	10
283	214	4
180	108	4
104	9	7
154	82	10
141	275	10
110	39	10
260	54	9
114	6	10
123	32	9
211	77	9
33	290	8
144	54	9
82	230	5
101	268	8
115	8	10
207	54	9
36	96	9
104	142	10
118	227	4
78	239	9
282	113	10
251	54	9
195	14	6
226	135	6
165	183	10
46	48	5
273	103	4
289	263	7
257	290	4
279	226	10
183	112	9
188	146	3
179	26	10
183	194	4
110	251	10
99	86	10
18	103	4
256	208	7
110	101	10
79	108	4
270	239	9
287	94	9
275	242	4
232	241	4
272	276	7
104	33	10
259	101	10
228	185	4
212	138	10
121	181	10
174	135	6
26	168	9
259	272	10
179	128	10
109	233	10
104	269	10
279	41	10
217	116	4
186	153	7
195	96	9
217	124	9
212	283	10
207	99	10
115	195	10
5	238	4
25	37	5
219	204	9
260	267	9
121	41	10
244	190	9
141	114	10
280	85	10
174	103	4
245	185	4
212	107	4
260	111	4
228	96	9
104	130	10
76	135	6
154	173	9
121	81	10
126	237	10
138	117	7
165	260	10
62	10	10
109	193	10
114	11	10
65	108	4
104	44	10
161	146	3
207	141	10
101	20	4
127	44	10
62	86	10
141	281	10
75	94	9
169	94	9
201	103	4
208	54	9
215	137	5
143	64	10
93	278	4
165	135	6
104	101	10
219	111	4
50	220	4
165	17	10
102	194	4
165	249	10
287	135	6
86	30	4
104	259	10
1	263	5
173	190	2
140	267	9
232	185	4
257	46	10
5	95	4
253	94	9
109	288	10
165	215	10
11	26	10
23	7	3
249	286	9
155	190	9
126	94	9
231	158	4
29	203	4
118	233	6
85	84	5
174	263	7
106	94	9
115	96	9
155	204	9
113	168	9
234	185	4
89	290	4
183	103	4
121	111	4
160	103	4
87	5	10
87	95	4
187	238	4
282	106	10
255	17	10
114	95	4
55	238	4
207	165	10
259	82	10
141	134	10
34	11	10
143	121	10
11	7	6
110	149	10
130	168	9
82	202	9
18	276	7
269	147	10
197	95	4
67	221	9
62	227	8
175	70	10
253	185	4
183	57	9
80	278	4
110	38	10
127	69	10
52	23	7
126	134	10
270	276	7
282	198	4
179	254	10
115	255	10
212	125	10
259	99	10
257	24	10
207	74	10
240	238	4
165	45	10
1	170	9
36	227	4
114	151	10
279	59	10
110	11	10
104	114	10
289	203	4
99	108	8
253	198	4
164	135	6
163	7	6
193	77	9
180	14	6
149	9	7
69	96	9
154	124	9
160	238	4
100	272	10
149	32	9
279	47	10
28	124	9
28	276	7
127	39	10
281	24	10
109	1	10
222	124	9
233	184	10
33	258	10
257	88	10
62	45	10
235	113	10
141	87	10
163	267	9
24	196	6
43	14	6
11	236	10
110	60	5
181	265	9
154	137	7
175	157	10
127	108	4
134	238	4
180	95	4
255	183	10
127	26	10
282	168	9
260	113	10
153	88	10
1	246	4
163	14	6
87	228	10
134	32	9
154	197	10
235	169	10
249	198	4
207	94	9
254	185	4
110	108	8
110	162	10
52	108	4
253	206	4
179	49	10
106	135	6
0	103	4
49	30	4
126	270	10
114	80	10
257	86	10
282	137	7
70	57	9
279	280	7
45	54	9
46	171	9
259	76	10
207	132	10
100	86	10
33	62	10
212	216	7
75	227	4
132	14	6
279	238	4
126	148	10
260	288	10
129	214	4
127	175	10
249	56	4
99	189	10
110	269	10
255	232	10
192	56	4
62	182	10
72	146	6
121	5	10
72	94	9
121	101	10
45	206	4
235	55	10
104	254	10
79	202	9
259	7	6
259	162	10
78	289	10
87	198	4
228	168	9
168	94	9
52	111	4
178	198	4
255	54	9
279	44	10
259	55	10
127	269	10
121	239	9
104	121	10
262	239	9
73	196	10
62	256	10
233	191	4
215	9	7
104	118	10
236	243	4
201	93	10
101	204	9
281	255	10
67	57	9
260	259	10
145	14	6
232	146	6
279	22	10
104	154	10
179	219	10
270	54	9
33	241	8
228	238	4
115	215	10
63	14	3
207	15	10
51	112	9
55	239	9
193	94	9
179	101	10
228	108	4
143	7	6
187	239	9
53	23	5
36	32	9
72	200	4
165	26	10
150	185	4
245	227	4
44	14	6
33	289	10
163	30	4
165	177	10
255	89	10
229	161	7
88	239	9
254	290	4
141	136	10
100	142	10
101	236	10
259	22	10
244	267	9
212	123	10
121	173	9
143	117	7
90	239	9
24	185	4
45	170	9
259	226	10
235	47	10
78	2	10
62	239	9
175	15	10
18	96	9
55	14	6
269	241	4
120	54	9
192	94	9
189	276	7
95	54	9
165	125	10
143	54	9
13	94	9
141	142	10
263	146	3
212	78	10
163	208	7
78	124	9
165	81	10
165	237	10
269	157	10
266	54	0
234	182	10
62	14	6
35	94	9
165	167	10
85	54	9
127	104	10
154	93	10
136	30	4
37	169	3
69	191	8
110	228	10
207	79	10
79	146	6
255	146	6
114	169	10
110	238	4
115	148	10
121	266	4
234	78	10
229	177	10
181	71	7
89	112	9
115	183	10
273	202	9
177	204	9
243	171	0
123	29	10
282	108	4
155	30	4
175	255	10
120	172	4
125	103	4
257	238	4
46	168	9
274	111	4
141	258	10
144	32	9
129	238	4
65	94	9
127	41	10
149	185	4
51	152	4
104	14	6
147	239	9
199	94	9
25	107	4
2	220	4
148	56	4
141	29	10
129	54	9
232	198	4
98	32	9
145	185	4
104	205	10
192	20	4
231	153	7
115	108	4
234	285	10
19	139	7
62	139	7
174	30	4
52	239	9
62	131	10
257	131	10
155	117	7
207	57	9
192	221	9
69	242	4
285	103	4
83	265	9
104	30	4
78	122	8
130	268	4
185	198	1
164	168	9
109	49	10
278	173	0
70	239	9
255	142	10
165	34	10
101	32	9
11	170	9
255	9	7
164	14	6
209	139	7
255	275	10
121	94	9
165	170	9
160	202	9
270	7	6
279	30	4
164	173	9
110	232	10
78	214	4
141	110	10
20	77	0
201	198	4
167	208	7
259	135	6
179	189	10
34	214	8
101	108	4
109	17	10
67	198	4
110	51	10
270	238	4
257	106	10
52	204	9
61	94	9
126	234	10
259	157	10
127	33	10
289	267	9
107	185	1
126	1	10
154	157	10
164	58	5
233	117	7
264	116	4
75	112	9
33	230	5
90	290	4
43	103	4
141	184	10
260	226	10
259	30	4
28	3	4
275	107	4
62	4	10
257	4	10
260	10	10
233	238	4
233	118	10
160	135	6
150	89	10
264	200	4
221	54	9
207	34	10
126	232	10
179	163	10
5	77	9
154	30	4
260	183	10
123	88	10
109	163	10
126	163	10
192	202	9
255	151	10
33	54	9
259	164	10
126	178	10
87	278	4
257	41	10
147	168	9
0	94	9
215	11	10
245	238	4
27	54	9
209	108	4
69	31	4
274	94	9
262	32	9
165	143	10
11	241	4
255	284	10
102	124	9
127	11	10
127	237	10
74	171	9
151	185	4
279	28	10
260	146	6
29	103	4
114	136	10
50	198	4
44	54	9
269	51	10
251	117	7
59	135	6
17	185	4
100	98	10
147	117	7
257	185	4
131	172	4
34	283	10
280	279	10
74	226	10
257	260	10
165	126	5
132	290	4
226	103	4
279	192	10
195	274	10
65	60	5
74	168	9
196	135	6
62	206	4
255	128	10
167	14	6
29	94	9
163	137	7
154	98	10
68	153	7
125	238	4
70	278	4
259	155	10
252	290	8
141	137	7
115	125	10
249	124	9
164	32	9
180	111	4
62	92	10
101	243	4
115	81	10
115	237	10
283	7	6
277	108	4
40	94	9
29	95	4
141	18	10
160	107	4
157	221	9
229	91	7
66	135	3
153	228	10
140	238	4
260	135	6
126	254	10
165	0	10
237	32	9
165	148	10
62	164	10
187	94	9
145	135	6
142	30	4
176	135	6
234	277	10
141	215	10
177	7	6
46	278	4
249	68	10
281	3	4
126	258	10
82	54	9
93	7	6
127	179	10
196	203	4
26	170	9
274	54	9
279	132	10
110	207	10
92	172	4
259	179	10
244	30	4
176	158	4
192	204	9
186	96	9
0	286	9
22	172	4
141	30	4
257	281	10
232	173	9
110	95	4
217	146	6
141	8	10
162	95	4
126	93	10
38	7	6
219	172	4
259	255	10
109	46	10
279	40	10
28	116	4
232	227	4
189	188	7
46	153	7
162	265	9
148	202	9
123	41	10
181	146	6
126	175	10
140	198	4
109	168	9
210	77	9
131	230	5
235	182	10
75	239	9
121	135	6
127	198	4
176	32	9
233	103	4
192	135	6
179	274	10
64	7	6
207	24	10
257	197	10
126	192	10
160	30	4
109	180	10
83	198	4
110	46	10
141	195	10
80	103	4
8	111	4
255	79	10
172	32	0
10	185	4
100	213	10
164	166	7
240	32	9
50	168	9
6	198	4
147	14	6
51	57	9
164	266	4
25	114	10
55	171	9
141	34	10
179	277	10
154	281	10
204	54	9
269	173	9
249	231	10
217	135	6
110	104	10
179	199	10
243	116	1
127	217	10
282	7	6
70	112	9
231	238	4
104	162	10
183	135	6
134	96	9
260	152	4
197	124	9
11	191	4
201	0	10
260	81	10
165	94	9
84	94	9
181	185	4
162	185	4
259	41	10
180	238	4
121	108	4
62	76	10
136	57	9
233	231	10
165	129	10
279	278	4
29	30	4
62	174	10
106	30	4
11	143	10
255	32	9
136	172	4
11	135	6
281	257	10
104	19	10
140	239	9
158	94	9
85	146	6
283	225	7
254	7	6
85	30	4
179	45	10
259	145	10
121	30	4
110	254	10
93	94	9
289	268	4
121	50	10
92	7	6
65	14	6
186	265	9
193	96	9
86	23	5
259	6	10
109	198	4
109	79	10
234	123	10
104	32	9
159	37	5
127	200	4
19	108	4
279	123	10
126	106	10
257	57	9
109	272	10
249	238	4
281	141	10
157	20	4
288	94	9
229	111	4
174	96	9
252	211	10
78	32	9
179	78	10
281	226	10
114	72	10
226	239	9
62	254	10
78	171	9
195	74	10
50	265	9
18	94	9
2	122	4
46	96	9
110	236	10
104	194	4
165	74	10
134	290	4
55	172	4
260	212	10
270	32	9
51	168	9
262	290	4
126	25	10
257	148	10
101	59	10
279	281	10
62	95	4
289	94	9
260	205	10
184	135	6
273	168	9
46	73	7
249	191	4
11	239	9
69	103	4
165	201	10
207	239	9
257	149	10
207	41	10
184	103	4
255	123	10
25	289	10
289	238	4
258	198	4
141	22	10
93	173	9
165	68	10
99	98	10
179	287	10
0	137	7
109	115	10
110	18	10
76	239	9
26	107	4
62	154	10
201	244	10
145	23	7
62	105	10
92	135	6
68	146	6
205	198	4
141	120	10
99	137	7
121	185	4
22	239	9
33	271	7
149	168	9
279	140	10
259	54	9
179	50	10
17	108	4
282	185	4
245	9	7
260	269	10
109	28	10
201	290	4
275	7	6
115	142	10
259	236	10
33	103	8
186	203	4
277	111	4
121	157	10
39	23	7
249	265	9
176	216	5
125	96	9
123	15	10
141	2	10
102	280	7
180	198	4
245	246	4
49	103	4
280	285	10
212	69	10
279	249	10
3	77	0
56	57	0
95	96	0
116	111	1
286	221	2
218	135	3
271	14	3
137	7	3
27	7	3
35	7	3
9	7	3
91	135	3
280	135	3
139	14	3
84	7	3
136	227	4
154	266	4
186	198	4
74	238	4
272	227	4
259	103	4
159	103	4
277	30	4
189	185	4
52	172	4
259	198	4
215	238	4
165	185	4
47	95	4
102	108	4
106	107	4
25	30	4
167	227	4
164	116	4
149	56	4
93	116	4
19	290	4
83	203	4
11	290	4
34	107	4
249	242	4
8	56	4
183	290	4
80	203	4
131	30	4
70	95	4
237	238	4
273	266	4
123	30	4
102	116	4
136	108	4
177	95	4
72	227	4
209	198	4
19	185	4
151	103	4
255	278	4
61	30	4
192	122	4
132	95	4
105	108	4
105	103	4
245	30	4
164	56	4
93	172	4
283	198	4
226	185	4
127	30	4
269	95	4
289	116	4
104	198	4
87	30	4
281	191	4
254	95	4
226	266	4
226	242	4
88	3	4
121	172	4
40	220	4
26	194	4
109	290	4
141	206	4
85	103	4
287	56	4
47	203	4
148	185	4
151	108	4
149	238	4
178	107	4
87	290	4
164	200	4
75	172	4
28	238	4
210	198	4
281	172	4
129	95	4
145	122	4
207	198	4
157	238	4
86	278	4
129	103	4
197	122	4
237	30	4
193	203	4
46	30	4
0	290	4
131	103	4
174	198	4
283	206	4
226	243	4
184	198	4
76	198	4
15	20	4
140	227	4
8	103	4
118	241	4
83	220	4
36	214	4
104	185	4
209	241	4
61	108	4
177	198	4
259	238	4
118	278	4
18	290	4
219	108	4
193	3	4
132	103	4
80	198	4
258	246	4
249	116	4
249	30	4
123	278	4
121	290	4
245	198	4
269	290	4
62	185	4
74	30	4
142	95	4
74	242	4
82	198	4
167	30	4
34	30	4
270	227	4
181	198	4
34	278	4
156	203	4
274	108	4
106	238	4
175	278	4
183	108	4
149	108	4
184	30	4
130	108	4
22	108	4
150	107	4
45	243	4
255	198	4
145	203	4
136	56	4
93	198	4
181	238	4
46	238	4
68	116	4
205	238	4
17	227	4
40	198	4
275	30	4
244	290	4
130	238	4
155	203	4
154	111	4
121	227	4
113	238	4
270	194	4
143	103	4
154	243	4
89	198	4
132	238	4
99	238	4
264	108	4
199	185	4
240	95	4
22	56	4
211	20	4
180	30	4
49	137	5
163	137	5
93	37	5
147	37	5
282	37	5
143	37	5
36	35	5
253	37	5
289	23	5
28	23	5
215	37	5
29	248	5
252	250	5
213	37	5
62	60	5
115	14	6
83	14	6
237	135	6
34	135	6
114	7	6
59	7	6
5	135	6
231	7	6
195	135	6
85	135	6
33	7	6
6	135	6
18	7	6
287	7	6
179	14	6
201	7	6
283	14	6
257	7	6
174	14	6
2	135	6
150	7	6
120	14	6
187	14	6
38	14	6
120	135	6
134	146	6
162	14	6
59	146	6
264	135	6
25	7	6
127	7	6
19	135	6
125	14	6
149	146	6
113	7	6
89	135	6
90	146	6
130	146	6
127	146	6
138	135	6
187	146	6
144	271	7
205	263	7
177	139	7
262	263	7
285	117	7
254	9	7
22	71	7
184	276	7
179	166	7
145	137	7
70	100	7
183	9	7
26	139	7
255	137	7
234	218	7
163	71	7
36	117	7
22	263	7
93	216	7
283	139	7
178	139	7
78	235	7
189	71	7
40	276	7
269	271	7
61	60	7
114	9	7
288	137	7
11	117	7
113	166	7
179	276	7
115	139	7
179	9	7
65	117	7
159	117	7
18	216	7
279	290	8
260	95	8
249	247	8
236	3	8
87	220	8
164	103	8
127	95	8
74	239	9
196	32	9
114	54	9
254	112	9
217	94	9
2	77	9
67	54	9
196	170	9
252	54	9
215	54	9
141	239	9
148	54	9
88	204	9
28	168	9
183	94	9
289	32	9
90	54	9
65	202	9
89	94	9
120	173	9
289	168	9
118	94	9
69	170	9
176	202	9
38	168	9
149	54	9
269	32	9
34	168	9
143	57	9
144	168	9
148	239	9
228	54	9
269	239	9
181	204	9
154	170	9
145	286	9
24	124	9
251	112	9
2	204	9
177	239	9
68	168	9
106	168	9
233	94	9
127	32	9
180	168	9
283	239	9
70	94	9
245	239	9
156	204	9
233	239	9
142	94	9
130	94	9
249	112	9
164	112	9
22	96	9
65	239	9
78	96	9
142	32	9
272	168	9
283	32	9
55	168	9
257	54	9
80	265	9
75	204	9
36	94	9
121	190	9
195	32	9
253	239	9
163	96	9
217	168	9
213	239	9
26	204	9
1	96	9
249	32	9
78	54	9
19	239	9
260	57	9
231	168	9
217	32	9
133	32	9
123	96	9
82	96	9
2	265	9
53	94	9
160	32	9
115	32	9
183	32	9
165	96	9
269	267	9
255	96	9
59	168	9
134	239	9
40	286	9
288	124	9
69	124	9
143	168	9
189	239	9
121	112	9
38	112	9
237	171	9
163	112	9
211	265	9
138	94	9
147	54	9
159	32	9
61	168	9
275	239	9
224	32	9
123	124	9
74	96	9
133	54	9
136	54	9
222	202	9
249	267	9
209	96	9
45	94	9
143	173	9
269	54	9
17	94	9
219	168	9
224	54	9
86	54	9
47	94	9
40	204	9
93	32	9
199	239	9
105	94	9
74	170	9
127	94	9
26	124	9
39	171	9
131	239	9
142	96	9
62	288	10
165	289	10
257	81	10
110	131	10
269	49	10
257	53	10
104	273	10
62	269	10
110	68	10
282	86	10
255	274	10
62	229	10
212	98	10
165	163	10
126	80	10
109	25	10
165	25	10
109	231	10
207	104	10
141	213	10
257	162	10
141	272	10
279	143	10
257	284	10
212	175	10
279	17	10
280	141	10
126	228	10
260	15	10
115	22	10
153	82	10
165	101	10
260	279	10
34	10	10
126	99	10
153	41	10
87	2	10
260	70	10
62	272	10
257	25	10
235	186	10
179	36	10
115	151	10
255	22	10
259	274	10
255	272	10
62	160	10
110	8	10
179	215	10
165	72	10
257	269	10
257	123	10
260	34	10
109	114	10
207	19	10
62	289	10
101	175	10
255	215	10
104	207	10
260	46	10
259	156	10
255	160	10
104	160	10
279	53	10
25	283	10
255	163	10
255	287	10
104	38	10
201	26	10
279	144	10
109	256	10
62	134	10
281	187	10
259	46	10
179	43	10
215	123	10
260	233	10
154	193	10
260	142	10
260	19	10
110	87	10
279	81	10
114	2	10
279	199	10
255	78	10
260	76	10
255	237	10
104	39	10
165	132	10
87	157	10
179	102	10
279	236	10
127	2	10
279	55	10
110	123	10
110	98	10
110	129	10
141	262	10
104	209	10
114	159	10
11	36	10
195	121	10
126	259	10
109	22	10
234	70	10
114	257	10
126	52	10
165	130	10
104	251	10
260	157	10
255	39	10
110	22	10
127	19	10
126	142	10
165	1	10
175	88	10
62	262	10
257	109	10
141	273	10
257	105	10
115	285	10
104	106	10
115	10	10
248	29	10
179	59	10
207	163	10
235	197	10
165	75	10
126	141	10
154	29	10
257	75	10
260	89	10
141	176	10
260	90	10
115	120	10
280	255	10
179	93	10
259	125	10
207	244	10
110	34	10
101	87	10
110	264	10
62	75	10
257	169	10
78	5	10
104	113	10
259	160	10
126	212	10
109	201	10
165	106	10
62	0	10
115	28	10
179	275	10
127	110	10
115	275	10
179	105	10
179	11	10
115	128	10
141	133	10
126	88	10
141	207	10
235	83	10
257	69	10
127	279	10
260	82	10
255	262	10
260	33	10
235	157	10
207	113	10
74	134	10
150	289	10
179	28	10
87	50	10
141	270	10
104	68	10
104	270	10
114	253	10
257	273	10
255	53	10
153	192	10
249	29	10
115	39	10
279	233	10
255	72	10
123	192	10
62	287	10
255	229	10
259	249	10
114	70	10
104	144	10
207	82	10
110	120	10
179	256	10
257	195	10
150	36	10
282	283	10
126	74	10
260	282	10
127	183	10
126	189	10
126	82	10
62	205	10
257	101	10
281	67	10
234	289	10
285	209	10
281	99	10
179	120	10
34	219	10
259	19	10
110	128	10
110	281	10
104	74	10
109	217	10
195	101	10
114	109	10
99	70	10
127	165	10
62	175	10
109	18	10
260	182	10
110	114	10
257	270	10
141	167	10
100	283	10
101	123	10
255	120	10
234	283	10
126	125	10
110	180	10
127	177	10
110	55	10
127	199	10
109	105	10
259	106	10
259	240	10
114	289	10
235	88	10
259	142	10
104	10	10
212	219	10
104	285	10
122	77	0
238	54	0
172	54	0
194	185	1
171	173	2
71	7	3
208	146	3
119	135	3
42	146	3
35	135	3
84	146	3
91	146	3
263	135	3
153	14	3
139	7	3
155	56	4
45	95	4
226	290	4
205	185	4
253	108	4
237	227	4
143	30	4
288	108	4
282	95	4
260	103	4
163	246	4
201	30	4
133	103	4
13	108	4
213	107	4
287	172	4
156	238	4
217	227	4
244	242	4
186	227	4
28	20	4
53	172	4
123	116	4
273	243	4
52	238	4
274	95	4
251	227	4
154	191	4
125	95	4
201	3	4
211	3	4
113	108	4
76	111	4
252	198	4
258	172	4
277	290	4
24	30	4
236	206	4
29	111	4
19	198	4
5	268	4
28	108	4
164	246	4
133	111	4
207	227	4
275	243	4
59	116	4
28	95	4
120	290	4
74	191	4
82	116	4
236	172	4
2	20	4
33	30	4
45	30	4
281	108	4
233	116	4
232	238	4
0	116	4
102	103	4
196	198	4
106	198	4
196	172	4
127	152	4
212	185	4
61	172	4
178	243	4
99	116	4
179	185	4
29	238	4
38	95	4
288	3	4
0	238	4
45	31	4
252	108	4
192	247	4
148	194	4
163	290	4
50	185	4
2	30	4
281	111	4
269	242	4
195	111	4
85	56	4
142	198	4
272	95	4
61	227	4
134	30	4
98	95	4
262	103	4
260	56	4
226	30	4
143	116	4
29	227	4
50	95	4
1	56	4
222	30	4
98	116	4
123	290	4
144	95	4
167	185	4
257	95	4
165	30	4
160	185	4
145	243	4
176	56	4
177	30	4
68	198	4
157	278	4
92	30	4
249	194	4
244	108	4
219	246	4
52	103	4
224	241	4
222	172	4
234	20	4
163	108	4
156	95	4
53	194	4
255	191	4
0	108	4
144	198	4
134	227	4
231	108	4
183	111	4
138	103	4
163	185	4
236	30	4
38	103	4
82	3	4
89	206	4
189	198	4
155	122	4
130	198	4
147	95	4
189	111	4
78	30	4
33	242	4
211	290	4
229	185	4
252	107	4
256	108	4
289	206	4
55	116	4
181	56	4
207	116	4
2	206	4
17	200	4
69	203	4
15	278	4
273	290	4
113	56	4
70	30	4
141	198	4
101	266	4
36	290	4
118	290	4
196	95	4
209	95	4
151	290	4
125	30	4
129	30	4
245	107	4
102	111	4
80	220	4
260	95	4
199	107	4
83	185	4
143	206	4
136	116	4
52	23	5
6	37	5
212	37	5
229	35	5
215	35	5
110	37	5
53	250	5
222	23	5
257	280	5
212	35	5
90	37	5
229	223	5
233	58	5
33	261	5
205	37	5
144	7	6
245	146	6
279	135	6
275	146	6
252	7	6
164	146	6
133	14	6
149	14	6
0	135	6
233	146	6
199	146	6
61	146	6
176	14	6
269	146	6
75	7	6
244	146	6
43	135	6
98	135	6
87	135	6
75	146	6
201	146	6
131	135	6
245	135	6
277	275	6
8	135	6
85	7	6
159	146	6
273	7	6
273	135	6
251	7	6
15	146	6
189	7	6
207	89	6
106	146	6
22	146	6
260	7	6
86	135	6
62	187	6
222	14	6
62	135	6
219	7	6
189	263	7
210	66	7
134	91	7
197	188	7
22	188	7
125	37	7
28	27	7
187	12	7
150	9	7
109	91	7
80	16	7
181	91	7
80	137	7
288	223	7
19	235	7
6	216	7
39	263	7
249	137	7
46	91	7
226	23	7
231	117	7
160	91	7
88	63	7
34	216	7
51	137	7
39	276	7
283	71	7
98	23	7
151	117	7
151	91	7
85	9	7
277	9	7
282	9	7
75	276	7
78	276	7
184	9	7
236	20	8
257	158	8
285	108	8
115	108	8
212	214	8
104	214	8
141	95	8
270	112	9
224	168	9
217	96	9
29	221	9
160	94	9
154	112	9
87	32	9
82	170	9
38	32	9
132	54	9
49	32	9
123	190	9
201	94	9
120	57	9
208	54	9
285	94	9
44	221	9
141	96	9
163	94	9
237	170	9
201	57	9
82	267	9
285	54	9
51	94	9
157	94	9
151	94	9
220	94	9
252	168	9
277	239	9
50	32	9
151	96	9
33	112	9
113	112	9
40	124	9
0	204	9
5	265	9
162	96	9
102	112	9
64	96	9
13	77	9
283	171	9
78	57	9
228	94	9
143	32	9
61	32	9
97	94	9
39	96	9
259	57	9
285	96	9
233	267	9
70	32	9
60	54	9
163	57	9
279	94	9
19	32	9
129	96	9
239	94	9
156	190	9
85	94	9
53	96	9
192	286	9
115	168	9
1	267	9
236	124	9
74	54	9
283	221	9
5	94	9
201	239	9
164	239	9
244	168	9
26	173	9
251	173	9
186	168	9
69	171	9
59	54	9
80	77	9
144	171	9
4	54	9
238	94	9
287	32	9
254	204	9
92	54	9
131	54	9
70	124	9
19	54	9
288	239	9
175	286	9
224	94	9
148	57	9
80	96	9
224	173	9
164	57	9
186	77	9
159	94	9
72	54	9
34	239	9
209	54	9
113	170	9
236	190	9
280	94	9
287	171	9
251	168	9
85	57	9
167	32	9
59	57	9
70	168	9
115	239	9
186	112	9
156	173	9
131	168	9
52	32	9
89	168	9
154	171	9
207	168	9
21	54	9
141	32	9
19	204	9
53	173	9
229	168	9
236	32	9
222	32	9
196	94	9
228	239	9
127	112	9
244	171	9
180	170	9
232	168	9
123	168	9
207	112	9
282	94	9
177	54	9
157	171	9
0	124	9
141	181	10
110	174	10
115	113	10
257	72	10
257	87	10
215	205	10
115	260	10
260	86	10
100	99	10
229	178	10
282	289	10
109	131	10
282	232	10
62	285	10
165	105	10
175	65	10
100	127	10
257	138	10
207	270	10
207	5	10
207	120	10
109	61	10
109	150	10
259	210	10
215	25	10
255	70	10
207	222	10
126	132	10
207	249	10
109	289	10
104	164	10
127	129	10
285	192	10
279	209	10
179	68	10
115	231	10
279	262	10
179	209	10
248	219	10
179	114	10
260	159	10
104	237	10
126	34	10
62	141	10
257	233	10
115	184	10
104	128	10
212	114	10
115	11	10
280	130	10
127	260	10
110	256	10
127	1	10
78	145	10
115	228	10
212	87	10
110	142	10
252	133	10
141	283	10
127	113	10
62	24	10
109	52	10
143	123	10
279	92	10
165	211	10
259	85	10
74	195	10
127	159	10
154	5	10
87	186	10
110	279	10
150	114	10
110	76	10
282	36	10
62	64	10
207	234	10
62	74	10
62	199	10
259	175	10
255	175	10
255	45	10
260	83	10
279	29	10
100	78	10
255	169	10
257	132	10
255	26	10
114	163	10
207	229	10
126	255	10
123	258	10
126	45	10
33	118	10
11	43	10
282	154	10
78	11	10
126	210	10
179	75	10
279	196	10
11	76	10
280	180	10
104	196	10
207	174	10
159	52	10
104	140	10
260	118	10
114	118	10
257	143	10
165	121	10
201	155	10
110	270	10
62	125	10
109	160	10
141	49	10
33	231	10
110	213	10
257	45	10
141	287	10
212	18	10
260	128	10
279	25	10
25	39	10
248	50	10
62	195	10
255	1	10
235	262	10
279	182	10
110	1	10
11	159	10
141	131	10
255	244	10
257	164	10
279	167	10
115	234	10
195	1	10
280	87	10
115	44	10
259	270	10
255	130	10
255	201	10
259	102	10
62	129	10
141	123	10
123	87	10
257	154	10
175	193	10
257	65	10
115	209	10
281	219	10
115	165	10
115	106	10
269	118	10
126	98	10
279	141	10
127	143	10
104	40	10
141	183	10
279	159	10
259	79	10
62	156	10
110	229	10
279	148	10
114	189	10
141	69	10
104	211	10
259	189	10
104	131	10
115	53	10
114	110	10
252	70	10
154	2	10
62	196	10
123	113	10
115	67	10
104	79	10
34	147	10
110	205	10
255	102	10
104	24	10
127	163	10
279	82	10
126	36	10
126	287	10
165	277	10
141	11	10
257	275	10
126	143	10
115	143	10
165	164	10
62	128	10
123	156	10
78	25	10
207	49	10
257	79	10
279	184	10
99	80	10
269	175	10
259	25	10
179	285	10
115	284	10
121	193	10
255	25	10
153	143	10
257	38	10
255	29	10
114	211	10
179	284	10
126	140	10
201	181	10
235	127	10
201	89	10
207	80	10
201	287	10
257	134	10
282	240	10
126	155	10
115	65	10
201	254	10
259	209	10
260	38	10
121	182	10
115	232	10
257	231	10
207	180	10
62	237	10
259	159	10
141	127	10
126	89	10
110	217	10
229	118	10
62	222	10
255	101	10
62	283	10
195	89	10
259	36	10
127	83	10
99	87	10
259	215	10
153	211	10
114	76	10
33	254	10
104	134	10
