109	19	10
229	30	4
255	181	10
255	75	10
114	169	10
249	34	10
5	203	4
281	185	4
26	20	4
260	110	10
283	95	4
177	54	9
87	290	4
131	194	4
210	71	7
127	205	10
259	187	10
144	14	6
104	155	10
101	198	4
147	37	5
260	51	10
259	59	10
109	72	10
155	194	4
179	183	10
249	247	8
82	3	4
75	173	9
133	135	6
236	103	4
207	211	10
114	278	8
92	185	4
52	23	5
187	112	9
113	146	6
80	204	9
141	108	8
78	197	10
217	32	9
121	193	10
110	14	6
86	107	4
179	262	10
174	124	9
179	234	10
178	146	6
260	174	10
53	116	4
255	10	10
257	82	10
210	204	9
88	77	9
51	242	4
53	238	4
98	97	7
153	15	10
279	110	10
209	185	4
126	130	10
180	32	9
207	82	10
260	180	10
115	108	4
74	69	10
272	30	4
29	77	9
105	30	4
0	37	5
125	278	4
2	204	9
167	227	4
177	94	9
36	238	4
85	223	5
255	231	10
34	218	7
197	188	7
99	70	10
8	54	9
193	239	9
174	94	9
181	20	4
259	74	10
109	23	5
70	103	4
275	238	4
99	147	10
212	151	10
53	112	9
163	77	9
40	32	9
28	32	9
159	227	8
19	185	4
46	198	4
279	7	6
165	70	10
255	156	10
175	219	10
179	175	10
110	185	4
0	32	9
127	162	10
279	10	10
141	107	4
264	94	9
127	99	10
102	122	4
159	135	6
18	112	9
138	286	9
195	271	7
164	220	4
174	185	4
209	54	9
155	116	4
154	56	4
149	14	6
132	66	7
252	62	10
101	70	10
279	271	7
275	239	9
209	198	4
156	238	4
2	265	9
155	57	9
287	227	4
207	40	10
55	194	4
245	200	4
179	110	10
109	107	4
257	249	10
34	7	6
257	39	10
253	100	5
136	56	4
195	239	9
110	258	10
255	52	10
6	54	9
34	108	4
87	139	7
101	86	10
196	108	4
121	240	10
270	103	4
244	214	4
22	161	7
104	145	10
46	276	7
141	94	9
207	118	10
140	221	9
127	239	9
279	259	10
62	258	10
288	290	4
47	135	6
252	54	9
115	59	10
207	76	10
235	68	10
126	50	10
101	170	9
127	28	10
165	86	10
132	96	9
195	269	10
110	103	4
279	231	10
114	96	9
279	212	10
279	237	10
70	194	4
114	38	10
275	271	7
157	203	4
131	108	4
140	225	7
79	30	4
70	116	4
281	30	4
46	139	7
70	238	4
219	238	4
110	175	10
259	17	10
110	264	10
79	191	4
46	242	4
231	238	4
207	125	10
2	203	4
74	90	10
25	214	8
110	2	10
131	135	6
165	56	4
279	184	10
83	239	9
87	168	9
165	283	10
280	258	10
83	188	7
121	52	10
226	243	4
138	238	4
45	42	7
49	32	9
257	7	6
164	9	7
19	71	7
165	137	7
11	33	10
6	103	4
6	135	6
265	94	9
136	108	4
78	146	6
252	235	5
256	202	9
118	168	9
201	176	10
104	217	10
123	198	4
99	146	6
199	23	7
242	170	0
211	221	9
126	120	10
252	78	10
285	284	10
59	112	9
179	146	6
183	31	4
129	239	9
253	238	4
155	112	9
43	135	6
189	91	7
52	276	7
74	233	10
262	135	6
115	120	10
115	242	4
151	168	9
65	185	4
233	202	9
256	146	6
131	276	7
123	108	8
159	186	10
114	81	10
222	117	7
110	51	10
22	238	4
260	168	9
73	226	10
40	243	4
251	266	4
207	168	9
163	23	7
165	109	10
224	108	4
177	30	4
163	290	4
245	198	4
158	54	0
219	94	9
85	60	7
104	256	10
215	219	10
165	210	10
250	7	3
0	139	7
235	29	10
236	111	4
145	170	9
141	159	10
118	278	4
64	54	9
123	168	9
75	238	4
169	95	4
259	197	10
163	206	4
197	185	4
126	45	10
115	151	10
257	36	10
255	251	10
255	222	10
74	290	4
62	217	10
159	74	10
115	226	10
101	30	4
109	167	10
115	134	10
150	163	10
177	286	9
22	135	6
68	111	4
134	198	4
148	216	5
138	198	4
138	30	4
130	37	5
11	290	4
259	116	4
157	96	9
269	58	5
76	111	4
141	162	10
196	290	4
260	46	10
231	103	4
62	18	10
269	55	10
279	269	10
251	116	4
174	54	9
15	276	7
141	70	10
109	53	10
51	185	4
257	95	4
153	70	10
127	113	10
259	209	10
255	186	10
61	108	4
11	267	9
72	14	6
244	91	7
178	107	4
288	32	9
89	32	9
87	196	10
207	37	5
62	262	10
150	106	10
282	168	9
80	220	4
211	220	4
5	173	9
115	86	10
141	79	10
144	168	9
260	254	10
165	52	10
179	182	10
133	95	4
102	95	4
115	256	10
285	58	5
120	152	4
104	146	6
207	4	10
66	54	9
246	94	9
207	32	9
235	145	10
141	102	10
70	214	4
104	277	10
159	231	10
252	198	4
127	232	10
207	29	10
34	114	10
101	173	9
104	51	10
60	7	3
126	131	10
257	289	10
154	192	10
287	56	4
259	143	10
62	142	10
16	54	9
185	107	1
34	31	8
288	112	9
175	182	10
133	124	9
251	124	9
102	37	5
274	267	9
127	141	10
165	198	4
260	28	10
19	290	4
179	160	10
133	94	9
98	116	4
255	136	10
253	7	6
162	238	4
80	243	4
11	217	10
207	114	10
44	171	9
141	51	10
72	32	9
148	57	9
5	265	9
99	34	10
154	181	10
260	284	10
175	108	8
289	30	4
255	189	10
19	95	4
154	170	9
259	113	10
170	171	2
53	94	9
82	286	9
28	146	6
215	289	10
130	198	4
53	135	6
123	245	10
15	227	4
28	57	9
234	239	9
110	239	9
136	124	9
61	146	6
165	120	10
115	95	4
104	197	10
281	54	9
269	135	6
281	99	10
50	246	4
235	2	10
179	36	10
135	94	9
283	227	4
62	78	10
201	191	8
213	239	9
259	185	4
279	134	10
235	115	10
123	123	10
49	203	4
0	116	4
133	265	9
123	173	9
56	172	1
106	3	4
118	116	4
155	94	9
226	108	4
281	56	4
115	140	10
1	267	9
126	5	10
253	9	7
85	103	4
34	258	10
11	24	10
98	111	4
195	226	10
260	7	6
160	108	4
113	30	4
62	233	10
62	128	10
255	260	10
165	105	10
179	276	7
283	117	7
148	32	9
69	243	4
156	7	6
207	113	10
153	192	10
51	124	9
222	14	6
192	170	9
165	207	10
141	40	10
195	241	8
285	118	10
207	179	10
82	239	9
110	287	10
126	88	10
98	139	7
213	135	6
145	198	4
288	116	4
77	54	9
179	43	10
155	54	9
25	218	7
282	96	9
259	201	10
212	70	10
65	23	7
201	124	9
18	185	4
99	123	10
102	168	9
165	275	10
279	4	10
34	123	10
236	206	4
233	200	4
126	212	10
192	95	4
36	194	4
285	171	9
137	14	3
260	25	10
76	108	4
252	32	9
33	32	9
213	185	4
105	221	9
87	96	9
125	239	9
235	14	3
199	185	4
179	217	10
257	1	10
270	94	9
275	30	4
59	172	4
181	32	9
192	3	4
76	94	9
149	286	9
69	116	4
255	101	10
43	31	4
80	54	9
233	83	10
248	142	10
260	92	10
288	185	4
257	76	10
281	18	10
259	137	7
101	102	10
281	187	10
1	94	9
0	173	9
39	95	4
164	146	6
183	146	6
55	103	4
164	202	9
210	54	9
196	191	4
89	206	4
279	215	10
177	168	9
89	238	4
36	103	4
279	233	10
233	70	10
109	178	10
279	260	10
217	7	6
260	282	10
193	171	9
65	54	9
279	258	10
248	236	10
205	146	6
109	254	10
24	7	6
150	37	5
231	172	4
175	94	9
279	47	10
78	30	4
196	32	9
252	107	4
93	95	4
207	199	10
207	240	10
236	173	9
215	36	10
260	285	10
149	172	4
34	87	10
84	14	3
92	239	9
83	14	6
260	94	9
259	234	10
50	221	9
73	147	10
228	135	6
279	287	10
201	146	6
235	211	10
104	151	10
164	100	7
195	83	10
224	135	6
163	203	4
18	32	9
26	57	9
153	145	10
36	116	4
195	53	10
0	112	9
209	66	6
141	228	10
272	202	9
179	289	10
147	268	4
24	198	4
199	23	5
212	98	10
255	174	10
142	112	9
288	204	9
233	173	9
165	205	10
218	7	3
141	255	10
163	173	9
53	77	9
178	126	5
165	248	5
9	14	3
53	103	4
167	32	9
269	185	4
257	61	10
165	134	10
175	82	10
115	177	10
159	117	7
5	152	4
252	251	10
255	143	10
151	32	9
269	171	9
236	170	9
237	135	6
132	146	6
205	54	9
101	111	4
83	71	7
78	168	9
178	290	4
106	239	9
68	30	4
61	290	4
34	217	10
260	55	10
174	91	7
53	54	9
65	202	9
155	238	4
102	202	9
165	76	10
149	91	7
85	32	9
110	78	10
69	112	9
153	29	10
114	62	10
165	227	8
289	71	7
279	144	10
51	77	9
127	288	10
273	243	4
109	276	7
280	145	10
254	173	9
88	135	6
174	203	4
220	94	9
257	215	10
34	231	10
74	241	8
24	185	4
215	210	10
160	190	9
279	58	5
79	185	4
165	273	10
255	50	10
26	200	4
257	92	10
162	108	4
234	92	10
43	137	7
260	154	10
109	114	10
2	146	6
285	143	10
205	263	7
104	290	8
109	160	10
79	198	4
257	72	10
260	145	10
175	111	4
155	103	4
9	7	3
252	9	7
110	69	10
69	146	6
145	204	9
175	116	4
61	239	9
54	54	2
104	262	10
79	267	9
115	180	10
279	41	10
121	238	4
215	178	10
62	74	10
207	232	10
104	183	10
2	14	6
2	171	9
43	94	9
114	77	9
207	116	4
62	17	10
121	190	9
259	213	10
207	124	9
0	57	9
179	74	10
45	202	9
113	9	7
156	108	4
50	278	4
192	108	4
193	238	4
22	103	4
150	103	4
104	138	10
134	227	4
154	210	10
277	112	9
244	7	6
260	108	4
262	220	4
115	218	7
141	278	4
110	176	10
109	186	10
155	135	6
279	229	10
165	239	9
114	183	10
101	283	10
211	198	4
259	287	10
85	7	6
232	108	4
153	182	10
38	146	6
260	29	10
279	159	10
110	165	10
279	24	10
36	239	9
61	30	4
259	14	6
259	175	10
127	128	10
1	95	4
127	159	10
136	146	6
244	266	4
127	105	10
223	146	3
2	137	7
13	30	4
109	2	10
11	123	10
62	75	10
62	156	10
207	254	10
93	194	4
184	96	9
127	49	10
190	94	9
260	253	10
257	96	9
24	116	4
50	137	7
59	241	4
215	171	9
45	32	9
179	1	10
199	239	9
46	57	9
255	273	10
270	124	9
101	103	4
46	243	4
269	87	10
257	265	9
257	264	10
256	54	9
259	282	10
104	17	10
254	246	4
115	98	10
78	172	4
264	135	6
126	180	10
195	135	6
87	214	4
34	118	10
233	271	7
125	30	4
120	146	6
104	168	9
281	67	10
141	259	10
285	135	6
134	77	9
141	105	10
63	146	3
212	137	7
224	185	4
11	192	10
259	112	9
282	69	10
141	11	10
129	103	4
235	228	10
33	7	6
115	216	7
44	7	6
11	278	4
125	108	4
163	278	4
222	116	4
141	178	10
213	7	6
256	32	9
226	185	4
193	135	6
57	173	2
259	199	10
279	105	10
234	103	4
237	171	9
11	124	9
142	32	9
201	150	10
237	30	4
44	96	9
86	135	6
127	6	10
59	290	4
105	238	4
175	124	9
201	288	10
141	227	8
149	54	9
115	277	10
109	264	10
87	134	10
78	96	9
156	96	9
282	79	10
132	54	9
53	170	9
99	271	7
59	146	6
78	88	10
179	113	10
165	279	10
123	50	10
141	149	10
255	205	10
78	278	4
102	203	4
121	202	9
18	124	9
225	135	3
164	37	5
33	108	4
179	147	10
165	93	10
207	146	6
62	219	10
33	70	10
179	288	10
248	59	10
233	214	8
165	22	10
255	32	9
264	32	9
59	286	9
18	202	9
11	36	10
126	209	10
260	40	10
101	14	6
287	57	9
75	103	4
18	111	4
79	56	4
56	57	0
98	119	5
165	217	10
144	107	4
207	80	10
62	94	9
201	214	4
165	95	4
178	200	4
289	77	9
82	265	9
121	197	10
187	200	4
127	156	10
65	239	9
74	267	9
126	76	10
228	117	7
127	241	4
196	124	9
165	59	10
212	135	6
207	123	10
131	23	5
277	124	9
289	146	6
115	36	10
134	95	4
26	103	4
176	23	5
123	98	10
222	168	9
285	175	10
46	37	7
207	112	9
233	229	10
175	96	9
193	91	7
179	5	10
86	32	9
133	271	7
232	30	4
163	146	6
104	110	10
100	189	10
120	56	4
34	36	10
109	228	10
175	194	4
110	52	10
1	117	7
39	14	6
165	14	6
61	58	5
193	188	7
179	279	10
282	10	10
110	183	10
245	103	4
214	204	0
87	190	9
88	153	7
252	142	10
29	30	4
215	35	5
110	157	10
15	185	4
257	198	4
259	57	9
61	227	4
62	43	10
165	101	10
114	168	9
282	114	10
165	179	10
109	231	10
260	182	10
215	56	4
234	54	9
78	29	10
102	116	4
179	130	10
33	290	4
264	200	4
149	94	9
127	80	10
127	258	10
109	252	10
114	233	10
216	7	3
93	168	9
149	152	4
219	116	4
224	290	4
255	280	5
162	267	9
279	275	10
187	16	7
165	251	10
165	133	10
62	185	4
62	22	10
283	111	4
133	103	4
26	203	4
251	103	4
167	94	9
141	96	9
26	94	9
165	287	10
43	190	9
127	133	10
153	177	10
175	30	4
212	127	10
187	185	4
233	290	4
179	239	9
34	137	7
153	184	10
118	158	4
281	103	8
110	37	5
215	198	4
141	147	10
210	198	4
112	124	2
184	146	6
215	87	10
153	231	10
98	185	4
207	182	10
76	263	7
160	278	4
164	239	9
126	82	10
237	168	9
114	231	10
2	12	7
131	203	4
110	274	10
160	286	9
140	108	4
159	137	7
104	113	10
269	219	10
273	30	4
282	125	10
40	185	4
141	272	10
64	170	9
115	259	10
123	54	9
26	173	9
229	170	9
260	32	9
147	116	4
34	259	10
92	278	4
252	87	10
279	49	10
109	220	6
209	30	4
279	183	10
240	265	9
164	194	4
53	124	9
61	286	9
123	211	10
98	30	4
181	122	4
75	14	6
179	54	9
61	111	4
279	182	10
179	105	10
217	30	4
22	23	5
240	14	6
249	214	4
28	91	7
115	196	10
259	150	10
76	116	4
259	51	10
277	96	9
149	108	4
283	146	6
280	255	10
187	12	7
259	237	10
244	95	4
235	244	10
232	290	4
189	139	7
260	36	10
126	46	10
180	116	4
15	96	9
192	77	9
285	241	8
126	147	10
110	75	10
244	54	9
34	191	4
259	155	10
189	111	4
159	118	10
176	239	9
199	242	4
82	30	4
149	30	4
213	91	7
269	109	10
212	7	6
186	31	4
249	29	10
65	238	4
165	263	7
179	231	10
282	100	5
211	206	4
260	275	10
1	243	4
102	7	6
159	219	10
22	96	9
50	54	9
260	244	10
40	265	9
78	69	10
229	238	4
259	33	10
176	57	9
36	214	4
232	94	9
87	151	10
115	175	10
156	107	4
127	157	10
228	171	9
24	271	7
165	106	10
104	136	10
49	108	4
179	138	10
255	279	10
257	79	10
133	111	4
234	111	4
162	116	4
79	242	4
123	132	10
44	243	4
207	117	7
179	227	8
11	168	9
133	112	9
251	112	9
49	137	5
74	94	9
55	225	7
179	143	10
250	94	9
28	202	9
156	94	9
138	280	7
59	30	4
145	137	7
147	238	4
207	51	10
163	137	5
201	122	4
237	290	4
175	224	10
154	80	10
280	7	3
181	94	9
55	96	9
115	101	10
69	191	4
62	208	7
179	37	5
240	96	9
259	219	10
109	75	10
11	169	10
110	209	10
109	201	10
70	185	4
149	135	6
259	15	10
274	168	9
237	172	4
115	44	10
134	7	6
165	72	10
154	87	10
254	265	9
226	171	9
62	163	10
129	265	9
255	92	10
44	108	4
179	264	10
199	241	4
260	177	10
236	30	4
283	54	9
196	103	4
254	286	9
121	204	9
6	100	7
67	173	9
270	108	4
127	43	10
132	198	4
178	139	7
269	266	4
86	208	7
141	155	10
255	164	10
19	96	9
232	173	9
55	135	6
98	107	4
260	15	10
1	96	9
131	202	9
5	239	9
289	198	4
222	202	9
62	274	10
269	102	10
105	56	4
104	37	5
114	14	6
195	186	10
114	106	10
212	109	10
140	238	4
127	182	10
3	54	9
211	30	4
110	229	10
212	172	4
260	134	10
49	168	9
127	275	10
141	69	10
165	19	10
259	79	10
121	151	10
231	194	4
255	206	4
209	117	7
274	32	9
33	93	10
260	249	10
165	55	10
147	266	4
281	190	9
255	46	10
199	57	9
226	190	9
175	83	10
104	8	10
2	77	9
249	243	4
180	112	9
233	190	9
127	22	10
87	251	10
104	133	10
118	54	9
101	1	10
254	3	4
165	37	5
83	137	5
76	32	9
127	95	8
201	37	5
5	137	7
65	190	9
178	7	6
52	94	9
131	57	9
257	219	10
199	166	7
193	220	4
67	14	6
82	103	4
143	77	9
10	135	6
207	25	10
255	106	10
235	80	10
259	95	4
148	111	4
233	37	5
99	96	9
115	207	10
51	108	4
215	10	10
145	32	9
79	238	4
236	57	9
262	267	9
70	137	7
193	14	6
34	219	10
122	190	0
55	7	6
115	244	10
141	226	10
165	87	10
148	198	4
165	25	10
104	201	10
90	14	6
25	32	9
22	198	4
93	246	4
226	23	7
27	135	3
207	81	10
207	237	10
279	25	10
129	290	4
276	14	3
244	3	4
287	96	9
245	204	9
281	14	6
234	94	9
145	71	7
127	193	10
181	135	6
143	47	10
83	173	9
222	239	9
62	132	10
110	167	10
133	139	7
282	272	10
59	199	6
120	239	9
165	175	10
39	276	7
213	94	9
89	57	9
141	264	10
233	122	4
140	30	4
127	32	9
150	115	10
104	69	10
212	285	10
113	32	9
153	19	10
61	204	9
15	122	4
207	253	10
260	56	4
78	57	9
126	145	10
115	113	10
132	95	4
196	71	7
87	193	10
236	122	8
8	30	4
29	3	4
264	206	4
141	135	6
12	14	3
123	5	10
68	290	4
159	103	4
253	30	4
104	131	10
212	35	5
193	172	4
62	101	10
143	135	6
260	128	10
13	117	7
207	10	10
255	228	10
229	198	4
254	107	4
129	243	4
126	129	10
22	30	4
137	146	3
127	249	10
93	280	7
2	100	7
179	4	10
133	202	9
140	14	6
89	266	4
127	131	10
197	137	5
229	54	9
154	2	10
83	286	9
28	239	9
0	108	4
273	135	6
254	198	4
49	95	4
259	2	10
196	56	4
159	202	9
22	185	4
141	277	10
126	39	10
43	243	4
257	90	10
121	11	10
260	215	10
179	166	7
53	290	4
233	24	10
110	260	10
213	108	4
104	270	10
275	32	9
18	137	5
70	146	6
75	116	4
140	152	4
217	117	7
109	59	10
34	289	10
154	51	10
141	229	10
189	137	7
233	168	9
69	239	9
255	147	10
174	267	9
115	17	10
275	111	4
229	95	4
288	108	4
104	53	10
42	146	3
99	185	4
179	68	10
110	7	6
179	131	10
98	239	9
19	32	9
133	198	4
109	131	10
237	152	4
115	55	10
109	56	4
26	172	4
70	108	4
175	108	4
144	7	6
235	65	10
62	196	10
273	54	9
131	116	4
163	103	4
211	203	4
189	242	4
253	96	9
279	74	10
91	146	3
215	278	4
141	198	4
115	128	10
43	32	9
279	135	6
40	77	9
104	224	10
259	129	10
52	30	4
197	124	9
252	250	5
259	36	10
234	139	7
78	181	10
70	227	4
154	177	10
126	219	10
245	30	4
263	94	9
255	281	10
0	111	4
18	108	4
165	92	10
39	185	4
281	283	10
193	30	4
90	112	9
269	268	8
260	2	10
126	135	3
285	95	4
51	94	9
109	55	10
259	78	10
98	135	6
262	190	9
207	2	10
179	61	10
5	9	5
99	14	6
179	38	10
18	30	4
3	77	0
115	25	10
269	108	4
113	23	5
229	142	10
18	58	5
123	122	8
257	132	10
44	242	4
240	94	9
183	267	9
11	255	10
44	185	4
196	95	4
279	147	10
275	185	4
114	257	10
255	68	10
205	267	9
165	71	7
133	30	4
2	97	7
127	137	7
176	96	9
114	282	10
269	262	10
159	168	9
80	203	4
141	32	9
277	271	7
110	226	10
127	253	10
154	57	9
61	60	7
100	54	9
2	206	4
260	76	10
131	173	9
285	22	10
281	102	10
215	14	6
76	54	9
283	37	7
121	39	10
179	251	10
24	14	6
260	39	6
283	198	4
255	253	10
129	216	7
207	252	10
163	152	4
149	267	9
141	245	10
207	290	4
74	135	6
257	38	10
36	111	4
226	146	6
270	194	4
138	94	9
109	226	10
82	152	4
78	131	10
5	122	4
123	112	9
179	83	10
104	128	10
126	183	10
78	89	10
270	206	4
259	49	10
260	232	10
110	44	10
47	198	4
279	68	10
264	54	9
175	70	10
260	86	10
257	273	10
153	2	10
176	238	4
213	100	5
255	96	9
169	7	6
251	230	5
126	160	10
36	290	4
181	198	4
10	290	4
109	142	10
257	81	10
257	237	10
207	18	10
126	253	10
242	116	1
190	267	2
189	227	4
126	44	10
6	216	7
179	87	10
217	94	9
216	135	3
141	280	7
70	77	9
256	290	4
260	203	4
110	144	10
150	159	10
75	241	4
257	200	4
281	286	9
120	96	9
113	173	9
73	160	10
115	210	6
179	228	10
269	170	9
254	9	7
104	123	10
239	94	9
62	290	8
259	124	9
62	102	10
123	242	4
219	103	4
90	56	4
279	146	6
240	185	4
277	290	4
179	206	4
237	239	9
86	227	4
205	95	4
104	59	10
153	120	10
273	239	9
109	103	4
159	94	9
34	216	7
29	221	9
62	273	10
233	198	4
123	191	4
255	55	10
209	238	4
116	54	9
195	7	6
224	168	9
126	184	10
279	9	7
109	98	10
179	9	7
195	94	9
257	33	10
180	267	9
6	173	9
287	30	4
260	247	4
141	269	10
11	238	4
126	181	10
98	246	4
201	116	4
259	274	10
38	32	9
144	103	4
176	200	4
83	216	7
260	157	10
244	278	4
22	107	4
255	39	10
123	220	4
34	185	4
150	278	4
165	176	10
163	96	9
279	157	10
209	94	9
260	125	10
215	175	10
212	154	10
75	290	4
141	251	10
141	133	10
257	121	10
36	108	4
259	134	10
216	146	3
17	227	4
130	94	9
259	222	10
189	108	4
141	287	10
104	141	10
195	168	9
53	57	9
189	112	9
123	206	4
150	32	9
2	32	9
165	232	10
69	185	4
73	245	10
279	133	10
209	103	4
136	173	9
282	30	4
234	59	10
87	29	10
110	184	10
109	15	10
70	168	9
205	290	4
127	123	10
0	185	4
279	264	10
110	72	10
235	106	10
213	216	7
115	289	10
154	32	9
176	173	9
113	103	4
115	69	10
151	117	7
255	59	10
150	238	4
280	25	10
78	192	10
104	229	10
26	111	4
144	94	9
141	61	10
165	197	10
207	244	10
109	123	10
142	271	7
207	285	10
64	146	6
177	220	4
87	172	4
207	129	10
6	206	4
126	36	10
249	54	9
34	103	4
62	259	10
211	20	4
157	7	6
275	108	4
24	214	4
281	214	4
159	95	4
280	147	10
141	1	10
197	238	4
255	185	4
62	178	10
132	103	4
127	180	10
107	56	1
62	70	10
272	96	9
109	14	6
109	256	10
279	26	10
62	33	10
115	152	4
285	249	10
87	175	10
236	3	8
62	269	10
260	30	4
8	246	4
111	239	0
40	135	6
255	272	10
189	71	7
115	239	9
199	146	6
184	168	9
55	243	4
82	32	9
257	101	10
224	94	9
110	127	10
288	57	9
104	24	10
141	52	10
1	30	4
196	243	4
62	251	10
62	133	10
141	131	10
207	26	10
257	25	10
280	118	10
255	217	10
12	7	3
160	239	9
257	107	4
279	65	10
207	149	10
213	32	9
109	216	7
109	206	4
207	156	10
264	103	4
90	7	6
210	96	9
86	48	5
126	51	10
255	278	4
195	185	4
176	111	4
154	242	4
151	108	4
281	85	10
129	146	6
120	190	9
260	234	10
113	57	9
126	165	10
83	112	9
26	3	4
259	47	10
255	18	10
150	179	10
104	209	10
133	200	4
165	47	10
39	30	4
184	30	4
141	145	10
36	135	6
145	239	9
141	3	4
110	272	10
114	150	10
120	194	4
25	155	10
130	14	6
207	162	10
217	91	7
62	38	10
120	185	4
114	151	10
110	114	10
151	54	9
59	95	4
126	201	10
104	54	9
193	3	4
212	96	9
234	89	10
0	77	9
33	175	10
126	177	10
148	239	9
241	54	0
273	267	9
62	109	10
59	94	9
29	112	9
1	286	9
33	231	10
160	94	9
87	177	10
109	258	10
254	60	5
253	168	9
165	165	10
255	19	10
113	172	4
272	227	4
127	210	10
36	124	9
127	52	10
127	62	10
53	200	4
248	29	10
44	170	9
222	198	4
259	231	10
11	159	10
207	111	4
103	239	0
283	194	4
18	280	7
249	100	7
219	7	6
110	70	10
1	146	6
208	14	3
141	0	10
114	87	10
78	249	10
211	122	4
24	54	9
159	7	6
255	184	10
109	105	10
164	57	9
132	238	4
127	90	10
114	135	6
62	115	10
62	136	10
244	198	4
157	71	7
150	183	10
78	275	10
234	62	10
78	271	7
131	56	4
174	95	4
80	96	9
110	140	10
89	227	4
259	56	4
1	171	9
86	108	4
84	59	3
114	255	10
165	69	10
165	160	10
260	129	10
115	136	10
207	36	10
189	96	9
109	269	10
289	206	4
79	94	9
179	226	10
126	244	10
59	168	9
121	156	10
228	246	4
221	286	2
36	95	4
254	32	9
219	239	9
101	175	10
143	103	4
13	190	9
232	32	9
155	278	4
138	7	6
234	108	4
130	239	9
179	120	10
155	14	6
143	232	10
46	266	4
237	7	6
207	177	10
184	239	9
18	239	9
180	265	9
164	94	9
46	286	9
257	130	10
113	276	7
75	198	4
169	198	4
260	95	8
80	42	7
6	71	7
245	96	9
254	238	4
99	276	7
222	111	4
104	127	10
72	135	6
104	196	10
121	80	10
53	239	9
62	176	10
148	54	9
240	54	9
100	215	10
148	116	4
179	72	10
75	203	4
51	135	6
279	274	10
126	156	10
159	238	4
131	122	4
179	290	4
179	132	10
101	168	9
211	214	4
142	108	4
104	236	10
287	32	9
181	30	4
110	116	4
226	266	4
127	18	10
22	146	6
150	54	9
175	181	10
109	18	10
189	9	5
82	95	4
257	88	10
167	103	4
255	277	10
62	32	9
257	160	10
80	286	9
179	114	10
194	116	1
101	203	4
115	176	10
201	283	10
121	75	10
88	54	9
99	95	4
154	152	8
178	119	5
101	227	4
141	45	10
39	198	4
217	14	6
143	37	5
255	274	10
282	36	10
258	170	9
34	78	10
109	95	4
75	57	9
72	124	9
189	158	4
70	56	4
51	95	4
153	211	10
257	154	10
251	135	6
141	143	10
85	57	9
123	181	10
45	243	4
229	145	10
201	178	10
279	199	10
104	39	10
101	268	4
110	88	10
176	172	4
115	285	10
62	49	10
80	276	7
234	238	4
186	77	9
53	168	9
257	227	8
105	290	4
237	206	4
148	238	4
141	138	10
144	137	7
257	50	10
101	192	10
38	227	4
289	124	9
110	164	10
22	60	7
229	118	10
207	98	10
28	108	4
127	112	9
287	238	4
253	290	4
196	170	9
193	221	9
179	259	10
222	107	4
199	243	4
287	108	4
199	31	4
212	125	10
279	2	10
109	205	10
141	14	6
288	14	6
141	274	10
109	232	10
175	3	4
154	88	10
257	55	10
54	94	2
104	86	10
150	204	9
143	28	10
279	167	10
279	130	10
127	19	10
259	260	10
129	32	9
141	181	10
279	209	10
175	88	10
126	2	10
134	30	4
207	108	4
126	87	10
97	7	3
281	278	8
141	37	5
186	139	7
233	56	4
219	32	9
207	198	4
50	286	9
207	184	10
26	238	4
52	266	4
118	108	4
114	141	10
62	149	10
259	62	10
259	117	7
91	7	3
259	44	10
274	135	6
233	135	6
47	204	9
141	209	10
114	33	10
255	132	10
178	204	9
155	286	9
138	108	4
258	246	4
245	223	7
260	85	10
175	238	4
194	112	0
259	89	10
85	278	4
109	39	10
132	7	6
257	195	10
207	227	4
213	278	4
109	183	10
113	94	9
36	220	4
87	232	10
88	185	4
189	90	6
201	26	10
101	171	9
98	278	4
181	238	4
196	239	9
76	112	9
87	179	10
100	70	10
249	170	9
144	271	7
34	290	4
126	123	10
237	122	4
76	124	9
72	168	9
53	108	4
98	95	4
25	108	4
118	135	6
143	94	9
141	270	10
163	171	9
244	124	9
62	278	4
259	186	10
233	88	10
279	160	10
279	178	10
62	228	10
62	140	10
1	242	4
18	200	4
287	271	7
39	32	9
235	88	10
114	289	10
157	77	9
270	172	4
114	50	10
126	150	10
2	139	7
22	23	7
218	135	3
260	233	10
279	193	10
5	30	4
212	274	10
279	75	10
279	169	10
217	290	4
255	209	10
62	5	10
195	146	6
205	103	4
186	3	4
62	104	10
222	94	9
269	190	9
213	126	5
288	173	9
196	54	9
55	185	4
251	108	4
34	211	10
169	27	7
115	238	4
13	3	4
282	289	10
183	111	4
260	41	10
115	211	10
212	110	10
141	201	10
279	285	10
110	120	10
195	154	10
207	53	10
104	143	10
252	221	9
67	30	4
104	115	10
235	26	10
47	57	9
257	118	10
34	238	4
279	213	10
270	96	9
192	278	4
50	204	9
213	119	5
147	107	4
189	103	4
174	14	6
47	54	9
177	139	7
165	264	10
141	76	10
113	14	6
62	108	8
17	54	9
205	238	4
59	227	4
213	57	9
201	28	10
162	14	6
197	3	4
129	94	9
87	182	10
45	7	6
192	56	4
279	286	9
279	254	10
104	23	7
257	167	10
183	30	4
115	138	10
207	30	4
114	123	10
0	107	4
281	215	10
260	103	4
201	111	4
59	238	4
46	290	4
207	186	10
75	54	9
169	54	9
101	117	7
209	227	4
2	60	7
240	152	4
193	103	4
227	54	0
237	170	9
110	105	10
283	168	9
269	209	10
22	216	5
275	221	9
55	146	6
110	249	10
118	290	4
148	124	9
62	285	10
201	192	10
99	163	10
234	137	7
141	254	10
260	79	10
34	54	9
165	114	10
68	116	4
260	179	10
157	137	7
76	137	5
165	185	4
201	143	10
248	54	9
157	152	4
256	238	4
110	32	9
285	265	9
22	94	9
136	116	4
212	69	10
39	263	7
40	54	9
123	182	10
259	240	10
127	46	10
253	95	4
126	199	10
92	14	6
38	288	6
50	168	9
140	286	6
106	247	4
123	214	4
132	239	9
285	115	10
110	256	10
11	89	10
196	190	9
279	156	10
109	238	4
93	58	5
207	269	10
51	103	4
28	290	4
70	198	4
213	14	6
165	38	10
154	249	10
74	103	4
148	242	4
269	290	4
22	206	4
199	168	9
210	185	4
40	171	9
207	39	10
257	164	10
69	54	9
164	31	4
279	118	10
154	207	10
282	205	10
256	172	4
65	223	5
260	240	10
252	210	10
280	141	10
110	24	10
195	180	10
142	185	4
240	30	4
179	156	10
279	211	10
257	11	10
62	11	10
145	203	4
280	67	10
269	95	4
34	186	10
260	112	9
217	185	4
130	7	6
178	239	9
43	168	9
179	30	4
121	251	10
257	173	9
207	185	4
8	116	4
257	93	10
207	172	4
255	270	10
260	104	10
262	243	4
147	94	9
92	117	7
159	71	7
141	53	10
60	14	3
175	95	4
201	232	10
228	111	4
148	173	9
282	283	10
260	5	10
26	216	7
162	135	6
280	257	10
51	246	4
120	14	6
212	102	10
259	46	10
255	108	8
141	213	10
17	30	4
44	94	9
127	67	10
88	32	9
109	219	10
34	94	9
67	103	4
153	87	10
110	233	10
40	276	7
230	54	9
228	37	5
90	96	9
255	30	4
249	254	10
43	198	4
33	239	9
110	143	10
165	199	10
126	113	10
279	138	10
25	146	6
143	290	4
207	206	4
235	217	10
11	103	4
175	186	10
258	158	4
127	65	10
281	31	4
255	43	10
104	216	7
168	32	2
259	5	10
236	239	9
109	159	10
62	39	10
232	95	4
43	146	6
222	54	9
134	94	9
264	117	7
272	117	7
93	20	4
114	214	4
126	14	3
38	30	4
257	140	10
106	96	9
98	276	7
52	171	9
279	256	10
282	227	8
196	94	9
102	227	4
201	117	7
34	135	6
131	9	7
249	266	4
141	167	10
5	94	9
233	54	9
248	260	10
78	211	10
110	28	10
126	115	10
254	95	4
22	71	7
123	235	7
80	185	4
155	290	4
165	8	10
38	56	4
100	270	10
149	203	4
109	43	10
83	108	4
187	220	4
115	262	10
179	55	10
148	227	4
140	198	4
104	238	4
45	185	4
99	239	9
45	108	4
269	112	9
104	68	10
26	202	9
175	215	10
274	185	4
163	202	9
78	55	10
18	54	9
215	37	5
93	54	9
115	41	10
62	120	10
136	198	4
99	238	4
92	137	7
244	32	9
133	172	4
181	172	4
33	135	6
234	70	10
109	148	10
279	284	10
207	279	10
99	103	4
36	54	9
127	132	10
114	34	10
15	242	4
104	96	9
38	185	4
255	70	10
25	185	4
219	266	4
131	7	6
120	94	9
47	77	9
255	33	10
207	212	10
132	58	5
82	57	9
255	269	10
179	256	10
249	164	10
101	281	10
194	54	0
34	153	5
256	152	4
106	32	9
89	95	4
97	146	3
52	198	4
121	228	10
141	176	10
235	46	10
280	135	3
33	118	10
144	170	9
207	88	10
74	242	4
252	7	6
132	135	6
260	187	10
192	30	4
183	54	9
114	290	4
51	239	9
74	239	9
53	12	7
127	2	10
157	124	9
90	54	9
156	221	9
180	139	7
215	103	4
264	290	4
281	266	4
282	212	10
117	146	3
39	54	9
235	175	10
138	135	6
110	58	5
144	276	7
289	14	6
115	209	10
154	288	10
101	219	10
186	135	6
88	220	4
127	129	10
269	86	10
201	56	4
87	40	10
109	68	10
209	290	4
226	30	4
127	147	10
232	168	9
25	96	9
141	163	10
258	96	9
195	108	4
201	164	10
39	290	4
13	239	9
68	54	9
127	165	10
98	23	7
73	14	3
236	190	9
118	241	4
174	32	9
279	150	10
121	74	10
131	243	4
121	109	10
13	208	7
282	70	10
76	95	4
207	14	6
257	285	10
257	162	10
45	14	6
222	32	9
115	45	10
69	267	9
211	265	9
107	191	1
176	168	9
123	254	10
257	184	10
17	268	4
224	198	4
80	239	9
257	34	10
281	173	9
255	37	5
259	193	10
259	212	10
123	95	4
178	14	6
46	103	4
277	32	9
69	266	4
237	278	4
255	53	10
109	7	6
165	159	10
127	115	10
62	138	10
257	155	10
28	172	4
184	100	7
67	32	9
259	88	10
121	203	8
121	171	9
157	57	9
255	163	10
126	228	10
257	147	10
105	32	9
207	173	9
279	129	10
64	94	9
175	7	6
255	88	10
121	116	4
279	106	10
110	93	10
256	168	9
175	213	10
255	14	6
62	184	10
199	135	6
281	34	10
281	267	9
114	214	8
195	238	4
62	146	6
33	124	9
117	135	3
83	95	4
165	163	10
109	251	10
186	239	9
29	54	9
29	247	4
269	265	9
126	29	10
8	161	7
159	32	9
260	223	7
162	107	4
8	7	6
201	173	9
64	135	6
187	146	6
289	172	4
121	26	10
110	68	10
39	170	9
188	135	3
207	245	10
279	149	10
121	33	10
11	120	10
255	25	10
104	139	7
162	91	7
108	170	0
104	189	10
281	244	10
269	198	4
205	30	4
110	107	4
277	71	6
80	168	9
157	198	4
215	238	4
226	54	9
127	79	10
269	116	4
141	185	4
26	190	9
126	182	10
269	172	4
287	103	4
69	32	9
259	182	10
271	94	9
75	204	9
26	204	9
179	96	9
101	89	10
179	142	10
234	96	9
183	9	7
233	14	6
126	257	10
269	111	4
257	80	10
154	134	10
165	102	10
288	216	7
232	14	6
145	146	6
217	241	4
115	165	10
126	282	10
248	33	10
75	30	4
165	156	10
236	77	9
271	7	3
121	57	9
281	108	4
87	181	10
224	32	9
78	82	10
11	1	10
92	54	9
179	81	10
179	237	10
126	259	10
252	135	6
89	168	9
279	164	10
255	129	10
91	6	3
104	240	10
78	176	10
110	147	10
229	168	9
276	26	3
270	204	9
193	124	9
25	278	4
150	249	10
72	278	4
224	117	7
2	173	9
141	101	10
164	116	4
69	111	4
183	172	4
110	148	10
207	180	10
109	199	10
273	191	4
102	112	9
98	241	4
141	282	10
121	103	4
1	204	9
82	137	7
217	202	9
259	288	10
269	59	10
116	124	0
141	27	7
126	143	10
118	56	4
273	290	4
165	7	6
195	160	10
274	266	4
279	234	10
52	137	7
259	107	4
24	124	9
62	277	10
259	147	10
257	262	10
101	163	10
69	170	9
61	198	4
62	134	10
274	198	4
62	236	10
15	239	9
260	43	10
279	11	10
34	138	10
143	191	4
279	288	10
110	168	9
53	56	4
134	9	7
212	37	5
109	108	8
15	238	4
133	32	9
251	265	9
133	96	9
153	193	10
109	106	10
149	57	9
115	7	6
279	185	4
150	86	10
240	166	7
165	224	10
233	59	10
78	75	10
257	175	10
201	169	10
17	32	9
257	104	10
260	102	10
83	111	4
74	96	9
115	254	10
234	86	10
25	198	4
87	135	6
18	9	7
133	14	6
53	198	4
264	108	4
127	233	10
115	144	10
280	187	10
279	201	10
141	177	10
119	94	9
109	175	10
279	239	9
113	166	7
110	277	10
74	14	6
150	139	7
207	209	10
181	77	9
93	103	8
279	61	10
126	109	10
53	203	4
175	112	9
137	7	3
179	169	10
73	215	10
19	278	4
101	266	4
136	32	9
234	168	9
148	152	4
235	98	10
207	282	10
22	208	7
212	206	4
228	30	4
165	75	10
219	227	4
257	14	6
176	185	4
133	290	4
269	32	9
22	95	4
207	62	10
153	5	10
93	185	4
199	290	4
236	172	4
259	4	10
143	279	10
249	278	4
219	30	4
98	214	4
141	104	10
201	221	9
33	103	4
151	94	9
34	251	10
282	238	4
129	96	9
100	163	10
207	109	10
215	70	10
229	59	10
262	168	9
62	110	10
34	175	10
115	34	10
180	124	9
257	256	10
212	108	4
53	172	4
11	198	4
211	267	9
127	259	10
211	111	4
285	215	10
209	202	9
126	75	10
145	112	9
283	200	4
156	243	4
131	239	9
52	32	9
148	218	5
104	36	10
262	239	9
141	125	10
164	200	4
17	7	6
118	238	4
229	37	5
215	189	10
230	7	3
207	284	10
65	278	4
217	239	9
207	7	6
102	206	4
255	29	10
136	168	9
62	137	7
109	10	10
78	112	9
150	142	10
1	203	4
43	271	7
264	185	4
125	94	9
175	127	10
64	278	4
235	156	10
62	61	10
154	47	10
154	266	4
226	290	4
259	37	5
101	278	4
288	135	6
29	227	4
289	185	4
233	32	9
212	238	4
99	182	10
249	57	9
264	168	9
28	107	4
0	230	5
136	227	4
259	120	10
212	198	4
101	107	4
226	191	4
51	238	4
165	46	10
233	111	4
258	168	9
157	265	9
63	135	3
109	129	10
109	89	10
114	30	4
201	194	4
197	97	7
90	30	4
272	108	4
186	168	9
251	168	9
234	199	10
175	185	4
153	41	10
201	238	4
121	206	4
85	238	4
15	20	4
100	155	10
123	2	10
126	210	10
22	60	5
123	146	6
184	54	9
213	238	4
5	168	9
109	78	10
121	133	10
74	221	9
82	276	7
78	25	10
21	135	3
154	239	9
78	56	4
164	206	4
126	251	10
201	95	4
261	94	9
73	4	10
179	137	7
257	179	10
224	221	9
49	198	4
50	77	9
72	63	7
58	36	3
64	238	4
272	14	6
110	34	10
126	83	10
259	180	10
141	203	4
187	263	7
145	206	4
150	283	10
104	258	10
114	137	5
115	213	10
104	61	10
258	32	9
102	216	7
110	19	10
260	193	10
114	89	10
23	14	3
256	198	4
189	206	4
105	108	4
199	271	7
279	0	10
165	142	10
165	132	10
171	32	2
269	242	4
84	146	3
207	106	10
33	117	7
134	190	9
114	57	9
58	135	3
50	243	4
219	57	9
159	54	9
8	290	4
251	238	4
47	153	7
75	191	4
232	107	4
70	54	9
162	111	4
115	185	4
189	202	9
61	124	9
115	192	10
59	57	9
87	32	9
13	14	6
59	173	9
179	135	6
257	233	10
132	32	9
62	215	10
212	103	4
98	77	9
80	137	7
144	242	4
236	32	9
87	145	10
115	75	10
240	135	6
109	101	10
19	37	5
93	239	9
6	239	9
219	124	9
10	7	6
37	14	3
283	32	9
195	54	9
260	264	10
149	290	4
281	75	10
257	169	10
126	179	10
150	279	10
67	54	9
215	206	4
79	290	4
165	44	10
165	118	10
115	72	10
233	1	10
83	139	7
62	50	10
126	279	10
255	45	10
79	54	9
109	236	10
207	174	10
165	256	10
145	122	4
82	238	4
121	112	9
234	87	10
74	160	10
78	20	4
197	96	9
11	125	10
159	30	4
0	56	4
274	30	4
197	108	4
257	210	10
92	108	4
180	94	9
264	14	6
211	243	4
165	141	10
207	213	10
34	204	9
155	172	4
118	214	4
212	87	10
274	14	6
115	189	10
104	1	10
163	95	4
125	168	9
47	220	4
255	255	10
255	130	10
244	103	4
69	95	4
127	78	10
126	240	10
184	263	7
147	198	4
154	227	4
38	108	4
98	168	9
288	152	4
28	103	4
123	28	10
265	77	2
45	103	4
260	74	10
279	107	4
110	76	10
269	103	4
289	108	4
142	268	4
210	135	6
104	102	10
104	108	4
164	290	4
255	81	10
150	237	10
219	9	5
98	198	4
141	196	10
62	207	10
213	122	4
254	54	9
77	265	2
115	130	10
285	108	4
121	53	10
127	219	10
62	271	7
186	286	9
176	56	4
159	206	4
270	198	4
139	54	9
160	91	7
2	20	4
280	89	10
259	96	9
102	32	9
151	290	4
114	104	10
141	262	10
87	211	10
74	95	4
105	94	9
110	222	10
231	94	9
25	239	9
115	108	8
199	103	4
259	254	10
58	233	3
141	118	10
280	52	10
45	30	4
115	162	10
66	14	3
256	227	4
150	189	10
148	243	4
245	32	9
87	206	4
78	94	9
121	182	10
148	194	4
259	211	10
255	178	10
180	168	9
215	30	4
175	27	5
72	54	9
177	203	4
150	0	10
127	199	10
138	170	9
104	76	10
234	273	10
257	18	10
164	185	4
187	103	4
62	60	5
24	265	9
85	56	4
260	258	10
215	108	4
62	272	10
110	61	10
99	198	4
101	54	9
179	32	9
205	9	5
260	22	10
285	117	7
1	135	6
130	116	4
179	249	10
141	232	10
139	14	3
257	283	10
62	224	10
233	205	10
179	125	10
230	146	3
78	235	7
184	32	9
105	57	9
109	213	10
115	105	10
241	54	9
140	208	7
279	17	10
90	146	6
121	121	10
106	117	7
150	134	10
257	9	7
279	240	10
222	23	5
87	30	4
101	112	9
35	7	3
62	30	4
257	280	5
100	78	10
110	288	10
160	54	9
110	257	10
274	96	9
61	172	4
39	243	4
187	107	4
260	159	10
109	130	10
99	87	10
179	7	6
93	73	7
197	173	9
87	227	4
285	255	10
22	112	9
15	77	9
110	231	10
259	245	10
165	146	6
29	57	9
78	116	4
201	211	10
207	90	10
79	266	4
70	173	9
162	227	4
183	216	5
240	7	6
49	135	6
134	103	4
149	278	4
141	78	10
126	197	10
109	283	10
141	46	10
54	94	9
178	94	9
88	206	4
207	69	10
15	3	4
269	238	4
11	112	9
46	14	6
245	146	6
249	30	4
62	19	10
257	19	10
109	102	10
127	88	10
228	239	9
50	94	9
22	32	9
255	120	10
15	95	4
279	54	9
255	227	4
132	185	4
189	94	9
179	151	10
155	122	4
60	73	3
114	192	10
71	146	3
75	168	9
47	265	9
169	168	9
100	237	10
263	135	3
277	238	4
102	276	7
141	115	10
159	264	10
217	108	4
59	198	4
236	242	4
127	96	9
257	234	10
38	72	6
141	44	10
264	146	6
113	266	4
110	10	10
261	54	9
150	215	10
206	54	0
35	135	3
62	275	10
243	242	1
109	94	9
148	168	9
133	216	7
133	56	4
251	56	4
189	263	7
179	154	10
259	277	10
159	278	4
141	75	10
24	117	7
257	128	10
47	239	9
153	50	10
62	192	10
175	192	10
289	116	4
165	209	10
67	107	4
212	218	7
208	135	3
193	168	9
165	4	10
148	185	4
165	130	10
46	238	4
85	173	9
234	229	10
179	115	10
186	54	9
262	191	4
150	198	4
260	274	10
179	34	10
283	202	9
280	245	10
0	146	6
115	269	10
179	164	10
74	170	9
120	112	9
217	112	9
142	139	7
255	4	10
115	92	10
175	54	9
133	7	6
127	83	10
260	204	9
260	124	9
228	103	4
115	103	4
126	205	10
5	96	9
248	44	10
186	185	4
118	146	6
222	290	4
132	94	9
189	278	4
259	29	10
209	135	6
205	172	4
159	158	8
274	108	4
250	146	3
229	146	6
251	185	4
102	172	4
34	209	10
240	73	7
207	83	10
245	12	7
130	191	4
183	108	4
286	221	2
59	116	4
281	112	9
179	236	10
126	34	10
17	168	9
143	221	9
225	146	3
24	103	4
2	223	5
110	41	10
28	278	4
113	221	9
201	149	10
167	108	4
260	289	10
249	112	9
236	112	9
13	32	9
13	57	9
109	118	10
245	107	4
90	268	4
255	238	4
143	67	10
25	70	10
93	202	9
252	95	4
29	248	5
99	107	4
255	138	10
47	122	4
223	7	3
207	234	10
127	24	10
74	196	10
181	152	4
115	118	10
99	78	10
201	18	10
109	196	10
159	271	7
254	112	9
258	14	6
260	116	4
162	146	6
119	146	3
179	165	10
163	216	5
244	14	6
259	64	10
199	171	9
25	199	10
269	7	6
201	163	10
189	238	4
100	89	10
127	172	4
115	287	10
255	213	10
282	94	9
283	124	9
257	89	10
189	198	4
64	30	4
109	113	10
52	57	9
110	25	10
160	135	6
179	238	4
197	239	9
156	111	4
102	198	4
212	175	10
105	227	4
74	112	9
163	111	4
115	229	10
83	220	4
131	198	4
153	163	10
114	103	4
211	56	4
22	139	7
164	268	4
177	108	4
260	160	10
110	138	10
160	146	6
162	198	4
184	23	7
163	124	9
6	7	6
234	95	4
98	238	4
210	30	4
281	222	10
165	15	10
260	245	10
260	65	10
282	9	7
138	268	4
178	91	7
259	118	10
80	198	4
156	194	4
109	139	7
257	54	9
18	37	5
184	185	4
222	56	4
212	239	9
109	195	10
75	96	9
257	52	10
62	107	4
86	96	9
46	7	6
34	206	4
11	111	4
109	244	10
98	103	4
264	30	4
29	135	6
150	137	7
25	124	9
255	144	10
60	135	3
257	226	10
260	195	10
281	98	10
177	103	4
232	7	6
130	135	6
68	171	9
50	206	4
114	94	9
109	83	10
127	15	10
213	206	4
179	207	10
145	220	4
62	103	4
110	129	10
113	96	9
69	190	9
285	157	10
193	173	9
257	240	10
240	198	4
133	239	9
126	215	10
136	185	4
229	206	4
127	173	9
231	220	4
257	209	10
70	30	4
233	227	8
114	12	7
205	37	5
115	52	10
163	238	4
115	5	10
121	51	10
98	73	7
231	239	9
272	258	6
165	228	10
115	11	10
127	87	10
274	238	4
276	54	9
165	103	4
123	116	4
109	289	10
141	205	10
88	3	4
109	132	10
257	10	10
258	238	4
228	146	6
279	96	9
269	49	10
36	278	4
74	198	4
207	135	6
17	206	4
236	20	8
195	113	10
36	276	7
285	238	4
248	135	3
282	278	4
285	239	9
156	168	9
64	246	4
157	170	9
176	221	9
114	182	10
36	168	9
279	46	10
127	47	10
116	172	1
8	124	9
69	173	9
121	243	4
231	3	4
38	57	9
109	45	10
260	83	10
78	157	10
201	204	9
109	281	10
207	68	10
127	209	10
0	203	4
109	54	9
255	165	10
44	30	4
154	163	10
121	77	9
8	94	9
0	242	4
87	220	8
151	214	4
107	54	9
235	79	10
255	140	10
39	171	9
281	191	4
69	198	4
143	60	5
33	146	6
201	134	10
192	239	9
136	271	7
29	96	9
157	200	4
229	137	7
226	267	9
127	150	10
255	64	10
25	206	4
257	244	10
275	54	9
8	103	4
40	221	9
255	162	10
269	54	9
209	14	6
163	116	4
88	152	4
157	168	9
234	37	5
78	145	10
276	135	3
141	284	10
120	168	9
207	281	10
174	238	4
127	196	10
25	290	4
282	25	10
177	77	9
143	274	10
287	172	4
169	103	4
257	17	10
100	17	10
205	158	4
201	148	10
89	96	9
232	116	4
178	112	9
244	146	6
267	190	2
270	116	4
119	14	3
15	32	9
114	41	10
147	290	4
127	40	10
109	52	10
255	288	10
245	267	9
62	54	9
207	148	10
11	227	4
231	168	9
255	154	10
78	203	4
131	168	9
260	279	10
255	240	10
109	81	10
109	237	10
121	2	10
233	58	5
255	160	10
115	28	10
179	139	7
153	197	10
257	176	10
257	108	8
224	111	4
165	121	10
46	94	9
210	103	4
277	14	6
163	168	9
282	146	6
127	185	4
192	137	7
11	203	8
126	89	10
279	95	4
273	7	6
252	126	5
38	168	9
160	198	4
143	87	10
282	175	10
0	243	4
104	231	10
257	201	10
62	127	10
143	70	10
170	94	9
18	95	4
145	56	4
270	290	4
178	37	5
70	172	4
259	258	10
39	96	9
258	103	4
103	77	0
255	95	4
110	57	9
138	54	9
279	40	10
133	3	4
115	3	4
273	3	4
126	140	10
254	202	9
195	125	10
254	116	4
183	96	9
220	173	0
67	185	4
89	135	6
99	30	4
111	54	9
235	135	3
229	108	4
196	168	9
83	203	4
127	181	10
121	29	10
169	202	9
75	171	9
192	146	6
127	14	6
179	193	10
115	87	10
123	185	4
277	198	4
52	221	9
285	107	4
271	131	3
138	214	4
253	37	5
275	146	6
179	284	10
154	211	10
289	32	9
165	257	10
115	228	10
160	266	4
83	146	6
205	112	9
78	290	4
26	198	4
92	238	4
70	206	4
141	273	10
104	289	10
104	237	10
281	7	6
126	114	10
75	23	5
169	23	5
282	32	9
257	277	10
145	94	9
276	54	9
100	283	10
165	136	10
149	7	6
256	271	7
197	54	9
87	189	10
62	231	10
167	7	6
249	137	7
10	95	4
259	156	10
186	32	9
165	196	10
255	249	10
45	146	6
87	186	10
260	270	10
283	239	9
104	166	7
236	54	9
62	232	10
10	239	9
229	35	5
76	198	4
169	117	7
127	36	10
29	137	7
154	168	9
193	185	4
115	79	10
207	47	10
272	146	6
259	184	10
143	168	9
100	131	10
6	168	9
195	262	10
110	130	10
119	7	3
219	112	9
62	121	10
115	149	10
183	124	9
255	180	10
55	54	9
226	170	9
231	146	6
126	11	10
46	203	4
40	168	9
255	11	10
148	172	4
155	216	7
181	139	7
134	239	9
36	7	6
195	196	10
244	238	4
133	204	9
285	231	10
62	238	4
191	266	1
260	87	10
28	238	4
126	99	10
259	43	10
259	253	10
228	94	9
62	227	4
262	266	4
262	200	4
99	32	9
150	175	10
67	202	9
236	94	9
229	273	10
127	213	10
126	159	10
72	95	4
140	239	9
179	86	10
262	171	9
229	70	10
104	134	10
283	94	9
110	40	10
123	177	10
244	94	9
179	290	8
59	268	4
53	173	9
109	67	10
141	180	10
115	24	10
22	261	5
62	88	10
15	168	9
47	168	9
33	58	5
141	98	10
159	14	6
199	238	4
141	256	10
62	283	10
118	95	4
206	54	9
141	54	9
240	95	4
273	198	4
22	54	9
260	197	10
257	186	10
75	185	4
236	185	4
257	278	4
89	198	4
110	54	9
126	285	10
104	38	10
104	89	10
277	135	6
179	76	10
131	200	4
109	92	10
257	136	10
80	221	9
48	135	3
259	176	10
102	14	6
262	146	6
282	189	10
80	32	9
279	180	10
121	191	4
11	117	7
100	54	9
179	118	10
127	26	10
260	150	10
36	112	9
87	185	4
109	37	5
183	173	9
259	60	5
88	30	4
143	198	4
205	32	9
262	54	9
143	206	4
150	7	6
51	204	9
224	30	4
191	204	0
126	6	10
15	30	4
39	168	9
28	152	4
114	2	10
179	273	10
289	23	5
82	124	9
52	96	9
273	271	7
101	242	4
237	242	4
93	37	5
207	93	10
106	168	9
121	162	10
2	286	9
24	238	4
217	103	4
62	125	10
102	261	5
280	175	10
226	14	6
253	32	9
179	283	10
80	3	4
282	163	10
65	262	6
141	260	10
73	146	3
257	69	10
164	172	4
213	54	9
89	204	9
74	191	4
121	192	10
28	14	6
257	284	10
126	229	10
46	239	9
283	276	7
127	74	10
234	30	4
104	43	10
11	83	10
245	94	9
123	96	9
67	170	9
133	194	4
37	135	3
19	30	4
25	78	10
154	190	9
234	247	8
110	8	10
68	94	9
277	7	6
33	289	10
180	185	4
179	270	10
275	103	4
1	241	4
0	239	9
78	238	4
126	22	10
271	14	3
226	117	7
62	9	7
283	108	4
126	186	10
127	56	4
101	98	10
87	2	10
255	227	8
104	72	10
38	96	9
76	96	9
110	197	10
282	239	9
143	173	9
257	196	10
153	142	10
18	168	9
249	290	4
207	160	10
69	137	7
38	111	4
67	238	4
109	287	10
144	112	9
215	231	10
110	110	10
39	135	6
245	278	4
78	1	10
145	265	9
34	265	9
98	54	9
88	20	4
282	89	10
248	178	10
181	54	9
255	264	10
211	95	4
25	39	10
78	139	7
141	28	10
83	168	9
51	54	9
244	290	4
142	243	4
109	157	10
88	238	4
259	275	10
279	34	10
67	58	5
39	107	4
181	170	9
134	108	4
215	114	10
141	237	10
259	273	10
163	139	7
249	70	10
15	171	9
212	168	9
157	286	9
279	136	10
105	173	9
259	65	10
181	204	9
22	263	7
183	23	5
131	103	4
159	82	10
152	77	0
141	7	6
233	108	4
46	185	4
278	54	9
102	290	8
153	80	10
11	30	4
104	163	10
105	103	4
186	221	9
10	198	4
177	122	4
258	185	4
75	137	5
165	32	9
85	14	6
24	112	9
29	152	4
109	38	10
199	198	4
288	139	7
15	221	9
123	290	8
11	143	10
33	168	9
154	94	9
19	135	6
179	75	10
282	1	10
211	204	9
101	190	9
257	251	10
83	238	4
207	110	10
281	171	9
207	95	8
255	150	10
183	265	9
165	178	10
109	215	10
53	30	4
120	290	4
157	238	4
150	154	10
210	238	4
127	30	4
93	124	9
43	290	4
197	122	4
86	54	9
195	96	9
279	290	8
153	98	10
269	146	6
126	55	10
180	60	7
257	232	10
165	231	10
114	210	10
115	264	10
93	111	4
209	241	4
249	274	10
115	135	6
147	7	6
5	204	9
255	287	10
176	9	7
145	3	4
257	144	10
215	185	4
231	117	7
127	150	6
193	203	4
165	289	10
178	103	4
237	96	9
175	135	6
106	191	4
44	146	6
141	110	10
2	54	9
62	189	10
2	95	4
257	0	10
167	202	9
199	139	7
211	94	9
289	194	4
153	82	10
234	206	4
207	87	10
228	198	4
109	197	10
272	107	4
79	168	9
114	80	10
143	272	10
127	289	10
207	92	10
181	96	9
279	196	10
156	204	9
181	14	6
102	286	9
233	10	10
110	0	10
99	289	10
105	198	4
231	96	9
165	5	10
150	229	10
61	7	6
109	209	10
10	32	9
75	56	4
134	14	6
62	44	10
121	19	10
127	130	10
74	238	4
115	276	7
255	78	10
260	176	10
212	278	4
233	206	4
115	53	10
234	7	6
257	53	10
93	135	6
29	263	7
51	7	6
279	282	10
159	8	10
207	270	10
274	290	4
52	238	4
114	15	10
281	64	10
82	173	9
245	71	7
234	198	4
87	108	4
62	129	10
89	278	4
84	135	3
92	94	9
140	168	9
74	134	10
141	197	10
257	206	4
285	124	9
2	135	6
127	143	10
102	290	4
110	123	10
160	112	9
33	107	4
207	150	10
288	239	9
89	286	9
5	103	4
165	43	10
176	116	4
260	105	10
233	239	9
167	238	4
98	84	5
44	103	4
255	172	4
273	14	6
123	70	10
110	81	10
110	115	10
215	201	10
17	290	4
255	40	10
196	96	9
279	114	10
46	190	9
230	135	3
235	281	10
180	107	4
26	206	4
123	278	4
175	214	4
273	170	9
110	9	7
224	268	4
109	260	10
115	39	10
179	176	10
40	111	4
283	206	4
109	108	4
86	239	9
274	95	4
45	238	4
75	172	4
141	127	10
181	223	5
281	168	9
183	185	4
62	7	6
207	22	10
5	220	4
123	179	10
101	123	10
259	123	10
24	278	4
115	147	10
104	50	10
179	129	10
28	23	5
259	177	10
52	54	9
233	170	9
1	185	4
100	7	3
138	227	4
15	220	4
270	242	4
123	111	4
195	222	10
252	57	9
38	112	9
127	252	10
187	96	9
281	111	4
11	53	10
163	227	4
99	103	8
164	7	6
102	238	4
70	124	9
165	219	10
115	85	10
189	290	4
184	265	9
257	45	10
193	265	9
115	281	10
175	167	10
127	274	10
257	98	10
257	178	10
99	278	4
179	244	10
99	226	10
141	55	10
147	246	4
166	7	3
129	108	4
179	25	10
78	194	4
175	2	10
160	168	9
113	7	6
88	122	4
178	54	9
207	6	10
279	273	10
130	238	4
114	172	4
109	259	10
79	124	9
150	124	9
1	290	4
19	77	9
136	77	9
254	171	9
279	76	10
104	174	10
148	94	9
62	123	10
156	37	5
229	158	8
125	54	9
143	56	4
210	116	4
50	185	4
184	108	4
236	198	4
281	31	8
283	56	4
104	9	7
280	82	10
259	238	4
150	127	10
260	54	9
114	6	10
123	32	9
211	77	9
93	32	9
255	290	8
144	54	9
101	278	8
123	8	10
207	54	9
260	101	10
262	96	9
118	227	4
78	239	9
165	110	10
133	54	9
251	54	9
49	14	6
226	135	6
87	183	10
46	250	5
273	103	4
289	263	7
279	67	10
259	200	4
183	112	9
127	183	10
188	146	3
179	26	10
183	194	4
78	103	4
222	208	7
110	101	10
270	239	9
287	94	9
275	290	4
62	0	10
232	103	4
164	276	7
104	33	10
259	229	10
121	181	10
259	80	10
179	195	10
109	233	10
11	269	10
138	103	4
217	116	4
199	96	9
255	72	10
249	108	4
167	239	9
212	283	10
254	204	9
207	102	10
115	195	10
5	238	4
25	37	5
1	91	7
110	180	10
244	190	9
141	114	10
162	103	4
212	107	4
99	1	10
260	158	4
228	96	9
104	130	10
109	61	10
76	135	6
106	173	9
115	106	10
104	160	10
121	172	4
126	237	10
212	288	10
165	260	10
165	194	4
109	192	10
114	11	10
8	108	4
175	44	10
114	159	10
161	14	3
207	141	10
62	229	10
127	192	10
175	239	9
75	94	9
201	103	4
117	54	9
132	137	5
93	122	4
161	135	3
165	135	6
104	101	10
219	111	4
50	220	4
165	17	10
102	194	4
165	249	10
287	207	6
86	30	4
104	99	10
1	263	5
173	57	2
102	35	5
121	267	9
232	185	4
114	46	10
233	265	9
5	158	4
25	14	6
251	7	6
165	215	10
23	135	3
109	154	10
155	77	9
19	91	7
215	94	9
129	158	4
45	203	4
118	14	6
274	263	7
106	94	9
115	96	9
123	145	10
155	204	9
217	267	9
113	168	9
234	152	4
183	158	4
186	227	4
121	111	4
160	103	4
87	5	10
277	30	4
115	182	10
187	238	4
260	106	10
262	103	4
78	95	4
207	165	10
259	82	10
141	134	10
11	7	6
123	149	10
115	184	10
130	168	9
18	276	7
115	231	10
207	147	10
224	95	4
67	94	9
253	185	4
148	95	4
110	38	10
127	101	10
52	23	7
126	134	10
90	276	7
179	254	10
78	228	10
115	70	10
257	125	10
259	99	10
74	24	10
207	74	10
165	45	10
1	170	9
205	185	4
36	243	4
127	283	10
279	59	10
110	245	10
104	114	10
197	203	4
99	108	8
253	198	4
164	135	6
163	7	6
193	77	9
176	135	6
5	9	7
154	286	9
165	272	10
279	93	10
28	96	9
28	276	7
127	39	10
109	24	10
109	1	10
104	184	10
257	229	10
104	185	4
62	45	10
235	1	10
24	146	6
43	83	6
257	236	10
234	218	7
154	213	10
110	60	5
181	265	9
154	137	7
175	157	10
180	95	4
127	282	10
175	41	10
10	168	9
260	113	10
153	88	10
1	107	4
215	123	10
100	228	10
281	172	4
134	32	9
62	197	10
36	63	7
245	14	6
249	198	4
207	94	9
127	110	10
254	185	4
110	108	8
248	162	10
187	108	4
253	206	4
259	160	10
179	196	10
106	7	6
0	103	4
49	30	4
126	270	10
153	213	10
231	108	4
100	129	10
113	56	4
257	86	10
141	206	4
45	54	9
259	76	10
235	132	10
280	62	10
212	216	7
75	111	4
132	14	6
279	238	4
27	7	3
209	95	4
229	185	4
129	185	4
127	175	10
249	185	4
252	168	9
100	269	10
255	232	10
192	206	4
62	81	10
62	237	10
72	146	6
73	5	10
72	265	9
121	284	10
36	206	4
127	55	10
104	254	10
114	211	10
79	171	9
110	98	10
8	14	6
259	162	10
110	289	10
228	168	9
38	198	4
255	267	9
279	44	10
259	55	10
127	269	10
125	37	7
115	260	10
121	170	9
104	121	10
162	239	9
73	196	10
62	256	10
126	70	10
233	191	4
125	95	4
285	189	10
104	118	10
127	107	4
15	146	6
281	132	10
74	30	4
281	57	9
260	75	10
145	14	6
232	146	6
104	154	10
179	219	10
270	54	9
269	241	8
115	215	10
63	14	3
207	75	10
51	112	9
55	239	9
193	94	9
179	101	10
228	108	4
143	7	6
184	276	7
187	168	9
72	103	4
150	114	10
104	32	9
34	242	4
150	185	4
78	54	9
209	220	4
253	239	9
10	227	4
201	289	10
163	30	4
126	80	10
29	238	4
165	18	10
288	7	6
212	89	10
229	218	7
254	290	4
142	96	9
141	136	10
279	181	10
101	289	10
259	22	10
244	267	9
212	123	10
121	173	9
143	117	7
226	242	4
90	239	9
93	227	4
45	124	9
235	47	10
78	2	10
62	267	9
175	15	10
192	96	9
69	14	6
120	54	9
231	276	7
179	14	6
165	125	10
143	54	9
13	94	9
141	179	10
263	146	3
175	193	10
212	209	10
163	208	7
78	124	9
165	81	10
207	157	10
278	204	0
255	22	10
234	114	10
62	14	6
165	115	10
85	54	9
127	104	10
104	93	10
136	30	4
273	266	4
0	135	6
37	138	3
195	191	8
110	228	10
207	79	10
141	123	10
79	146	6
36	94	9
255	7	6
61	170	9
110	238	4
115	148	10
269	239	9
121	266	4
206	94	9
234	78	10
121	217	10
181	71	7
115	29	10
177	204	9
243	171	0
123	29	10
68	108	4
155	30	4
33	255	10
120	172	4
125	103	4
257	238	4
274	103	4
141	150	10
144	57	9
129	238	4
215	54	9
65	94	9
127	224	10
149	3	4
11	152	4
104	14	6
147	239	9
256	216	7
25	107	4
2	220	4
148	56	4
141	154	10
129	54	9
279	32	9
145	185	4
104	205	10
121	20	4
25	3	4
89	117	7
236	124	9
93	172	4
165	285	10
19	139	7
62	131	10
257	131	10
183	32	9
269	117	7
207	57	9
69	242	4
90	103	4
83	265	9
213	30	4
180	290	4
192	168	9
109	4	10
172	173	0
195	101	10
70	239	9
120	135	6
165	2	10
11	57	9
255	9	7
18	7	6
209	63	7
212	275	10
121	239	9
192	122	4
288	202	9
288	30	4
19	173	9
78	191	4
141	49	10
20	77	0
179	189	10
34	278	8
101	108	4
109	17	10
140	200	4
110	106	10
245	112	9
257	106	10
121	289	10
5	54	9
207	229	10
61	94	9
126	127	10
282	37	5
116	111	1
259	157	10
212	165	10
160	122	4
127	33	10
289	112	9
107	198	1
165	157	10
125	117	7
113	116	4
259	243	4
149	230	5
260	226	10
259	30	4
28	27	7
28	243	4
62	4	10
8	238	4
233	118	10
189	135	6
150	89	10
64	200	4
110	118	10
268	54	9
207	34	10
87	163	10
5	77	9
154	3	4
123	88	10
212	163	10
192	112	9
129	95	4
255	151	10
33	54	9
282	95	4
126	90	10
87	278	4
257	120	10
147	168	9
0	221	9
215	11	10
55	168	9
245	238	4
156	95	4
30	54	9
209	108	4
260	19	10
69	31	4
274	171	9
153	143	10
255	284	10
52	172	4
127	81	10
127	237	10
167	30	4
113	185	4
279	28	10
260	146	6
255	103	4
114	25	10
50	198	4
127	51	10
59	135	6
106	185	4
87	157	10
62	135	6
147	166	7
131	172	4
248	283	10
154	193	10
95	96	0
100	260	10
165	126	5
132	290	4
226	103	4
279	195	10
195	274	10
65	60	5
74	168	9
231	135	6
62	241	4
255	128	10
131	14	6
29	94	9
163	137	7
6	37	5
68	117	7
125	238	4
269	98	10
281	289	10
141	137	7
70	95	4
114	125	10
131	54	9
249	124	9
164	32	9
180	111	4
62	157	10
233	158	8
115	83	10
115	237	10
264	95	4
141	18	10
205	107	4
157	221	9
55	91	7
66	146	3
104	82	10
86	247	4
260	134	6
126	254	10
251	227	4
59	221	6
62	164	10
187	94	9
205	135	6
142	30	4
176	7	6
234	219	10
141	215	10
43	7	6
46	107	4
115	68	10
47	242	4
233	258	10
120	57	9
127	179	10
196	185	4
25	283	10
199	265	9
274	54	9
279	132	10
92	103	4
259	179	10
152	94	9
244	30	4
115	275	10
287	7	6
114	163	10
165	1	10
186	96	9
28	30	4
58	94	9
280	281	10
110	95	4
217	146	6
62	179	10
87	50	10
114	54	9
87	7	6
219	172	4
259	255	10
109	46	10
279	120	10
28	116	4
232	3	4
189	235	7
46	263	7
162	54	9
255	168	9
148	202	9
123	41	10
181	146	6
177	239	9
126	175	10
34	198	4
109	168	9
131	230	5
169	171	9
235	182	10
75	239	9
114	198	4
176	32	9
210	290	4
0	171	9
192	7	6
179	197	10
64	7	6
257	189	10
126	192	10
160	30	4
281	198	4
110	46	10
249	200	4
186	95	4
154	140	10
30	32	0
154	185	4
164	218	7
231	32	9
104	207	10
147	14	6
51	57	9
55	171	9
141	34	10
179	277	10
83	247	4
141	231	10
252	160	10
179	199	10
116	116	1
104	285	10
70	112	9
213	107	4
226	238	4
46	135	6
134	221	9
143	124	9
11	31	4
201	0	10
25	81	10
260	237	10
21	94	9
184	158	4
181	246	4
162	185	4
180	238	4
115	18	10
121	108	4
178	185	4
44	57	9
233	231	10
165	129	10
279	116	4
93	30	4
62	118	10
195	143	10
257	143	10
68	32	9
174	266	4
136	172	4
281	257	10
115	32	9
289	239	9
6	94	9
85	262	6
19	7	6
85	30	4
73	45	10
281	145	10
121	30	4
104	147	10
110	254	10
93	94	9
289	278	4
121	50	10
92	7	6
65	14	6
186	265	9
151	96	9
120	235	5
259	6	10
62	24	10
110	195	10
109	198	4
109	79	10
234	123	10
50	32	9
159	37	5
19	108	4
280	123	10
257	94	9
0	247	4
109	272	10
136	238	4
281	141	10
207	59	10
205	171	9
157	20	4
288	94	9
222	96	9
121	211	10
179	78	10
141	90	10
127	226	10
114	251	10
226	239	9
285	254	10
62	195	10
195	270	10
50	265	9
231	7	6
207	5	10
18	94	9
2	122	4
46	96	9
110	236	10
93	216	7
165	74	10
106	107	4
55	220	4
270	32	9
259	125	10
210	168	9
262	290	4
109	25	10
175	148	10
62	95	4
289	94	9
184	135	6
22	73	7
249	191	4
11	94	9
69	268	4
165	201	10
79	278	4
274	239	9
257	149	10
255	123	10
219	185	4
229	289	10
258	194	4
234	22	10
93	173	9
165	68	10
99	98	10
179	287	10
18	290	4
0	97	7
175	136	10
186	198	4
68	239	9
259	133	10
62	154	10
234	244	10
120	23	7
62	105	10
92	135	6
68	14	6
205	198	4
141	120	10
99	73	7
192	185	4
201	9	7
62	41	10
249	265	9
33	271	7
149	168	9
259	54	9
179	232	10
17	108	4
140	185	4
149	238	4
260	269	10
44	198	4
85	94	9
109	28	10
64	290	4
275	135	6
115	142	10
259	269	10
18	103	8
85	135	6
186	203	4
5	7	6
277	111	4
123	124	9
121	28	10
115	123	10
125	202	9
141	10	10
102	280	7
144	198	4
245	56	4
49	103	4
259	285	10
212	201	10
235	157	10
104	52	10
179	69	10
279	249	10
200	202	0
31	77	0
214	54	0
185	198	1
32	168	2
261	146	3
126	146	3
117	14	3
153	135	3
16	135	3
21	14	3
27	146	3
58	146	3
37	146	3
42	14	3
47	238	4
145	95	4
61	56	4
83	3	4
15	206	4
50	152	4
245	185	4
75	194	4
72	185	4
133	238	4
110	206	4
256	103	4
132	30	4
120	108	4
28	111	4
87	95	4
159	185	4
187	111	4
120	116	4
76	103	4
176	30	4
251	214	4
47	185	4
236	227	4
109	185	4
104	107	4
282	198	4
228	185	4
222	278	4
90	185	4
151	227	4
160	238	4
93	108	4
120	198	4
187	95	4
288	203	4
72	108	4
93	290	4
237	108	4
59	111	4
0	172	4
181	95	4
2	152	4
157	220	4
192	152	4
281	290	4
43	227	4
270	95	4
89	290	4
33	238	4
175	290	4
136	290	4
149	200	4
175	198	4
33	198	4
59	103	4
5	185	4
39	108	4
88	203	4
211	152	4
189	152	4
65	200	4
236	191	4
181	3	4
18	194	4
233	185	4
183	56	4
201	198	4
251	30	4
115	198	4
24	290	4
181	203	4
79	103	4
18	116	4
19	103	4
164	111	4
259	111	4
47	152	4
283	116	4
1	103	4
26	116	4
127	116	4
55	290	4
123	238	4
244	243	4
270	185	4
272	290	4
51	116	4
26	290	4
211	185	4
114	56	4
197	152	4
184	238	4
183	95	4
90	198	4
38	172	4
102	185	4
285	290	4
219	56	4
164	103	4
285	198	4
269	243	4
180	108	4
40	238	4
106	108	4
155	185	4
258	108	4
287	290	4
1	238	4
131	238	4
26	30	4
179	198	4
164	198	4
254	172	4
67	200	4
26	56	4
106	30	4
233	243	4
15	198	4
177	185	4
46	191	4
85	172	4
192	198	4
123	108	4
113	95	4
270	238	4
22	172	4
213	103	4
192	203	4
120	30	4
110	30	4
209	268	4
289	111	4
151	30	4
89	30	4
179	95	4
78	185	4
249	95	4
90	95	4
98	206	4
288	194	4
133	203	4
165	238	4
134	290	4
279	198	4
259	108	4
45	242	4
254	103	4
177	152	4
70	290	4
98	194	4
273	242	4
167	290	4
18	198	4
288	111	4
13	103	4
67	278	4
162	95	4
207	56	4
45	290	4
178	108	4
288	238	4
65	198	4
233	103	4
93	200	4
226	95	4
8	111	4
79	95	4
49	268	4
33	95	4
5	20	4
85	84	5
288	37	5
257	37	5
164	58	5
46	23	5
6	58	5
53	23	5
187	223	5
90	23	5
62	37	5
282	126	5
34	37	5
279	60	5
282	218	5
237	235	5
98	14	6
67	146	6
52	135	6
192	14	6
144	135	6
22	7	6
163	14	6
259	135	6
118	7	6
102	135	6
224	146	6
19	14	6
50	135	6
287	14	6
104	7	6
45	135	6
157	135	6
110	146	6
83	135	6
79	14	6
70	135	6
144	146	6
151	135	6
249	135	6
28	135	6
211	135	6
65	146	6
201	135	6
142	135	6
93	7	6
164	14	6
167	135	6
150	14	6
234	135	6
22	14	6
253	14	6
28	7	6
143	14	6
148	7	6
44	14	6
93	146	6
179	71	7
275	23	7
164	137	7
193	139	7
74	91	7
179	216	7
165	9	7
22	21	7
79	91	7
28	23	7
215	9	7
212	9	7
165	91	7
5	71	7
127	117	7
15	137	7
132	63	7
75	139	7
34	9	7
213	137	7
164	139	7
257	137	7
229	9	7
211	153	7
149	139	7
215	218	7
149	71	7
104	137	7
192	71	7
44	42	7
130	271	7
167	117	7
98	91	7
102	9	7
244	166	7
62	139	7
99	227	8
78	20	8
99	290	8
259	95	8
69	20	8
78	122	8
74	191	8
136	112	9
164	124	9
64	32	9
22	173	9
115	94	9
197	77	9
101	94	9
52	239	9
226	96	9
53	204	9
79	190	9
244	170	9
1	239	9
178	168	9
118	32	9
49	94	9
83	96	9
61	57	9
259	173	9
181	221	9
102	173	9
88	96	9
283	112	9
68	124	9
245	168	9
179	94	9
189	54	9
192	204	9
22	57	9
79	239	9
176	124	9
123	94	9
249	96	9
275	94	9
156	265	9
273	168	9
88	221	9
157	54	9
39	239	9
131	112	9
232	239	9
254	124	9
269	94	9
178	32	9
86	168	9
113	54	9
46	54	9
240	239	9
125	32	9
40	94	9
26	32	9
181	239	9
258	54	9
22	239	9
36	32	9
102	124	9
249	171	9
113	239	9
176	94	9
262	94	9
256	124	9
133	173	9
210	265	9
82	204	9
1	190	9
130	54	9
274	190	9
215	32	9
215	168	9
180	239	9
159	96	9
210	94	9
155	32	9
237	94	9
138	32	9
187	54	9
272	32	9
193	286	9
162	94	9
281	170	9
254	168	9
240	204	9
147	96	9
145	96	9
149	32	9
22	168	9
211	286	9
55	170	9
44	32	9
237	32	9
288	54	9
147	32	9
113	124	9
281	124	9
67	239	9
131	94	9
0	54	9
28	173	9
226	94	9
219	54	9
62	96	9
148	112	9
114	173	9
33	96	9
50	96	9
134	54	9
49	54	9
155	202	9
186	94	9
205	168	9
70	96	9
277	168	9
101	124	9
127	124	9
25	94	9
192	94	9
61	112	9
143	239	9
201	168	9
150	239	9
28	94	9
2	221	9
105	168	9
236	267	9
52	168	9
127	54	9
167	168	9
177	265	9
98	96	9
88	239	9
79	32	9
165	54	9
6	96	9
115	169	10
126	79	10
154	182	10
255	142	10
62	10	10
115	219	10
179	44	10
260	6	10
62	226	10
121	155	10
279	175	10
260	212	10
127	86	10
154	50	10
179	148	10
104	19	10
141	140	10
127	142	10
257	151	10
127	234	10
255	34	10
62	98	10
255	87	10
279	43	10
109	76	10
279	131	10
62	72	10
179	106	10
257	70	10
257	127	10
110	134	10
257	258	10
62	68	10
104	288	10
110	86	10
109	162	10
99	142	10
62	260	10
215	138	10
115	43	10
201	93	10
255	134	10
235	41	10
175	145	10
62	113	10
279	121	10
255	98	10
127	244	10
255	125	10
255	183	10
109	0	10
260	156	10
279	22	10
104	275	10
87	80	10
141	109	10
141	281	10
62	36	10
150	78	10
165	33	10
110	259	10
207	259	10
62	86	10
215	78	10
259	259	10
260	189	10
259	40	10
109	134	10
127	285	10
126	78	10
110	102	10
34	98	10
115	249	10
165	89	10
109	180	10
115	274	10
115	273	10
110	169	10
104	176	10
141	87	10
257	199	10
115	46	10
255	283	10
110	43	10
109	270	10
115	258	10
179	53	10
115	251	10
255	17	10
104	92	10
255	254	10
110	74	10
165	236	10
279	289	10
127	186	10
279	69	10
260	115	10
207	187	10
179	98	10
179	162	10
126	69	10
11	233	10
127	212	10
33	59	10
195	236	10
141	128	10
126	110	10
279	217	10
279	38	10
126	213	10
259	228	10
99	189	10
109	275	10
279	281	10
115	132	10
165	147	10
141	72	10
269	231	10
110	215	10
255	149	10
165	123	10
123	15	10
110	136	10
109	74	10
255	155	10
110	207	10
179	121	10
114	98	10
279	78	10
78	41	10
165	262	10
179	92	10
126	106	10
279	79	10
115	178	10
179	10	10
255	285	10
110	275	10
257	213	10
260	183	10
127	184	10
127	106	10
207	274	10
279	176	10
62	130	10
110	121	10
62	25	10
100	86	10
165	144	10
154	41	10
175	5	10
165	226	10
179	281	10
165	0	10
207	41	10
235	82	10
257	207	10
150	123	10
141	68	10
153	157	10
104	162	10
141	244	10
141	148	10
126	1	10
115	78	10
115	38	10
207	55	10
110	36	10
62	1	10
279	86	10
114	175	10
110	196	10
104	287	10
62	209	10
115	233	10
215	283	10
150	87	10
141	199	10
109	207	10
179	155	10
62	8	10
127	4	10
257	180	10
110	113	10
201	131	10
207	197	10
110	189	10
141	132	10
257	59	10
165	189	10
207	193	10
109	8	10
179	272	10
126	232	10
62	76	10
104	4	10
207	258	10
175	80	10
215	118	10
141	129	10
259	87	10
165	26	10
104	129	10
141	74	10
104	159	10
126	245	10
179	133	10
179	39	10
110	284	10
260	213	10
235	177	10
100	98	10
255	259	10
115	199	10
109	149	10
126	275	10
141	33	10
165	270	10
126	19	10
127	254	10
110	39	10
115	93	10
62	79	10
127	120	10
115	114	10
110	244	10
104	26	10
279	18	10
259	183	10
179	184	10
127	50	10
259	226	10
127	187	10
207	175	10
165	269	10
74	226	10
141	81	10
62	106	10
141	275	10
110	163	10
34	11	10
110	159	10
290	54	0
238	239	0
266	77	0
198	185	1
124	265	2
100	135	3
166	135	3
71	7	3
117	7	3
263	14	3
42	7	3
27	14	3
139	146	3
71	14	3
271	146	3
82	220	4
79	108	4
36	30	4
287	266	4
34	95	4
209	266	4
10	103	4
43	103	4
282	107	4
181	108	4
143	108	4
279	103	4
93	238	4
169	107	4
86	198	4
55	20	4
201	268	4
157	30	4
131	111	4
288	95	4
67	247	4
180	103	4
133	116	4
272	103	4
5	108	4
187	116	4
67	3	4
215	172	4
101	172	4
234	227	4
127	108	4
176	290	4
283	185	4
74	185	4
232	198	4
8	172	4
145	227	4
47	3	4
134	185	4
69	290	4
46	95	4
120	103	4
120	111	4
259	290	4
154	238	4
287	185	4
82	203	4
140	290	4
72	290	4
143	172	4
283	158	4
52	111	4
175	227	4
289	103	4
258	30	4
228	238	4
11	206	4
29	122	4
123	227	4
44	290	4
85	198	4
28	122	4
264	198	4
254	20	4
106	290	4
252	185	4
289	238	4
217	238	4
260	290	4
252	30	4
160	241	4
159	56	4
144	30	4
52	95	4
0	152	4
110	198	4
150	30	4
142	103	4
89	185	4
257	185	4
125	198	4
129	152	4
87	238	4
141	95	4
231	268	4
61	116	4
18	238	4
184	290	4
147	206	4
72	238	4
82	185	4
29	103	4
270	30	4
70	241	4
118	198	4
143	185	4
6	198	4
86	152	4
80	152	4
277	203	4
269	191	4
136	111	4
252	194	4
228	95	4
260	227	4
40	203	4
69	30	4
160	56	4
28	56	4
65	107	4
114	108	4
169	30	4
215	95	4
102	30	4
50	20	4
6	30	4
79	243	4
181	220	4
99	206	4
11	116	4
2	198	4
277	116	4
109	278	4
127	103	4
231	243	4
51	198	4
288	198	4
52	206	4
68	185	4
234	107	4
134	246	4
159	108	4
240	238	4
157	185	4
228	227	4
236	290	4
157	95	4
156	198	4
113	198	4
133	122	4
196	107	4
197	20	4
101	243	4
178	30	4
277	95	4
78	227	4
244	122	4
87	158	4
181	206	4
92	290	4
234	278	4
285	30	4
281	95	4
213	198	4
251	290	4
196	266	4
25	95	4
184	103	4
92	198	4
193	95	4
210	95	4
142	290	4
262	20	4
109	30	4
65	30	4
148	200	4
157	122	4
86	95	4
10	185	4
236	243	4
212	95	4
149	223	5
115	248	5
99	37	5
159	235	5
192	223	5
186	137	5
82	23	5
259	58	5
176	216	5
189	153	5
260	37	5
159	58	5
64	137	5
29	37	5
259	23	5
140	7	6
65	156	6
140	146	6
272	135	6
160	14	6
90	135	6
80	135	6
285	7	6
131	146	6
259	7	6
150	135	6
209	146	6
67	135	6
282	14	6
287	146	6
283	135	6
283	7	6
282	7	6
270	146	6
88	146	6
215	146	6
13	146	6
99	7	6
219	135	6
121	135	6
217	135	6
187	135	6
145	7	6
75	135	6
61	134	6
174	7	6
184	7	6
26	135	6
104	28	6
197	135	6
80	14	6
236	7	6
169	14	6
69	135	6
51	146	6
113	135	6
125	161	7
270	71	7
232	271	7
120	280	7
141	60	7
138	117	7
109	73	7
25	9	7
121	117	7
39	188	7
115	23	7
186	97	7
6	9	7
87	218	7
76	208	7
251	117	7
34	139	7
176	225	7
114	137	7
224	208	7
99	139	7
45	208	7
38	117	7
34	23	7
90	9	7
155	263	7
167	91	7
229	216	7
259	139	7
70	139	7
282	137	7
51	71	7
163	91	7
213	139	7
1	73	7
178	23	7
70	20	8
6	103	8
257	290	8
104	103	8
252	290	8
114	241	8
62	227	8
107	54	9
120	124	9
55	94	9
167	171	9
289	96	9
229	32	9
289	57	9
256	94	9
178	202	9
183	204	9
129	112	9
39	94	9
286	94	9
69	96	9
104	94	9
10	54	9
262	170	9
76	168	9
193	204	9
86	286	9
80	94	9
115	54	9
189	168	9
164	267	9
273	94	9
155	124	9
237	54	9
249	168	9
226	168	9
142	168	9
78	265	9
130	171	9
211	32	9
19	94	9
253	267	9
88	173	9
210	239	9
192	221	9
177	32	9
145	221	9
8	112	9
175	168	9
15	265	9
75	112	9
269	168	9
46	168	9
154	267	9
211	239	9
187	124	9
88	94	9
102	239	9
169	94	9
52	124	9
270	168	9
32	54	9
34	124	9
109	112	9
258	239	9
79	96	9
106	54	9
82	221	9
104	170	9
232	96	9
163	286	9
257	32	9
46	32	9
213	202	9
29	204	9
262	57	9
83	77	9
205	204	9
87	286	9
154	54	9
210	57	9
102	57	9
289	170	9
88	286	9
8	57	9
15	286	9
201	54	9
24	168	9
256	112	9
118	239	9
197	204	9
177	96	9
26	168	9
105	170	9
252	94	9
70	57	9
74	32	9
62	168	9
82	54	9
273	171	9
197	32	9
149	239	9
52	204	9
44	124	9
191	94	9
273	221	9
53	265	9
120	267	9
142	204	9
275	96	9
251	94	9
55	32	9
249	239	9
101	239	9
2	96	9
279	168	9
110	94	9
46	171	9
69	94	9
83	94	9
78	32	9
219	173	9
45	171	9
90	32	9
174	239	9
160	96	9
68	265	9
149	202	9
269	96	9
215	96	9
85	168	9
134	267	9
26	112	9
99	94	9
244	96	9
10	94	9
131	124	9
90	94	9
259	239	9
259	168	9
126	81	10
114	181	10
255	118	10
126	4	10
127	277	10
126	187	10
109	277	10
62	159	10
165	181	10
207	192	10
259	181	10
269	101	10
280	19	10
115	61	10
123	257	10
110	125	10
257	133	10
153	51	10
201	175	10
259	131	10
165	131	10
62	245	10
109	128	10
141	236	10
255	113	10
165	259	10
109	33	10
260	199	10
260	205	10
62	284	10
207	228	10
104	0	10
110	251	10
33	167	10
255	36	10
62	114	10
115	181	10
255	74	10
179	19	10
281	279	10
143	45	10
259	52	10
257	257	10
141	252	10
141	39	10
255	85	10
99	86	10
282	121	10
260	143	10
121	82	10
260	181	10
123	110	10
255	61	10
78	98	10
99	175	10
159	159	10
257	252	10
121	41	10
141	92	10
104	260	10
115	205	10
215	98	10
121	183	10
114	47	10
165	162	10
259	232	10
269	64	10
207	181	10
195	129	10
109	249	10
257	26	10
104	75	10
281	65	10
104	180	10
127	255	10
260	109	10
104	213	10
255	167	10
279	127	10
207	159	10
101	189	10
154	132	10
141	195	10
110	262	10
141	38	10
212	262	10
109	44	10
255	62	10
101	109	10
280	64	10
175	53	10
115	217	10
165	155	10
126	252	10
141	17	10
110	232	10
212	15	10
114	36	10
78	209	10
109	163	10
127	98	10
165	244	10
126	269	10
229	264	10
279	36	10
153	288	10
281	148	10
282	87	10
62	28	10
115	90	10
126	25	10
165	222	10
207	70	10
141	184	10
201	53	10
150	257	10
260	69	10
279	140	10
114	99	10
229	78	10
255	114	10
255	256	10
104	274	10
62	201	10
109	11	10
110	50	10
259	105	10
259	50	10
110	201	10
62	281	10
123	46	10
279	251	10
109	26	10
175	201	10
141	113	10
109	229	10
78	212	10
110	26	10
195	233	10
62	264	10
154	189	10
104	245	10
127	174	10
281	209	10
121	15	10
127	125	10
255	79	10
159	169	10
207	17	10
255	195	10
141	8	10
115	201	10
279	162	10
115	245	10
260	141	10
195	169	10
141	144	10
109	138	10
255	93	10
110	33	10
229	207	10
114	145	10
114	279	10
110	285	10
282	82	10
279	155	10
126	15	10
109	93	10
109	34	10
260	98	10
114	186	10
141	86	10
259	104	10
127	109	10
179	8	10
255	76	10
179	144	10
215	167	10
104	282	10
110	154	10
260	252	10
143	65	10
252	136	10
259	127	10
109	284	10
255	236	10
259	81	10
126	62	10
207	142	10
123	99	10
255	199	10
165	149	10
126	233	10
207	233	10
234	288	10
257	287	10
104	142	10
207	257	10
260	169	10
109	90	10
104	284	10
260	121	10
175	272	10
25	87	10
279	189	10
127	25	10
259	141	10
153	189	10
115	159	10
234	76	10
255	148	10
179	178	10
104	182	10
154	78	10
62	144	10
99	283	10
109	189	10
62	148	10
279	128	10
257	114	10
123	157	10
104	109	10
33	209	10
115	270	10
104	156	10
110	17	10
260	4	10
11	39	10
141	288	10
25	279	10
259	233	10
280	85	10
109	165	10
62	244	10
269	17	10
257	205	10
115	283	10
143	163	10
233	4	10
255	159	10
215	288	10
114	199	10
