5317
109	19	10
229	30	4
255	169	10
104	34	10
5	203	4
125	185	4
260	110	10
18	95	4
177	54	9
87	290	4
131	194	4
210	139	7
127	205	10
74	187	10
157	14	6
104	155	10
195	198	4
147	35	5
260	51	10
141	59	10
109	72	10
155	194	4
179	183	10
249	247	8
82	3	4
106	173	9
133	146	6
236	103	4
207	211	10
114	278	8
52	23	5
115	245	10
187	112	9
281	146	6
62	1	10
80	204	9
70	108	8
217	32	9
121	193	10
110	14	6
120	32	9
55	107	4
179	262	10
174	124	9
179	0	10
178	146	6
234	135	6
260	8	10
179	159	10
53	116	4
151	96	9
101	4	10
210	204	9
88	77	9
51	56	4
53	238	4
98	97	7
249	15	10
209	185	4
180	32	9
207	82	10
109	242	4
260	178	10
38	9	7
113	108	4
229	79	10
272	30	4
29	267	9
105	30	4
0	37	5
15	137	7
125	172	4
2	173	9
167	227	4
132	30	4
177	94	9
36	238	4
255	231	10
196	218	7
149	188	7
179	213	10
252	14	6
45	290	4
59	200	4
149	239	9
189	30	4
233	70	10
46	32	9
8	239	9
127	187	10
236	191	4
38	221	9
259	74	10
184	23	5
70	111	4
61	238	4
109	147	10
53	204	9
165	151	10
163	112	9
167	290	4
199	32	9
28	221	9
279	227	8
215	7	6
229	216	7
19	185	4
131	111	4
165	257	10
255	121	10
255	219	10
259	50	10
109	34	10
110	185	4
0	32	9
150	162	10
279	10	10
264	112	9
82	122	4
159	14	6
281	271	7
164	30	4
240	239	9
174	185	4
209	54	9
155	95	4
154	56	4
149	14	6
101	70	10
275	239	9
209	198	4
156	238	4
2	265	9
287	227	4
101	40	10
275	242	4
245	95	4
180	290	4
179	157	10
89	107	4
257	249	10
157	290	4
257	156	10
253	126	5
136	56	4
252	239	9
110	258	10
126	52	10
6	54	9
136	239	9
34	108	4
132	63	7
101	86	10
196	108	4
121	163	10
120	200	4
270	241	4
10	242	4
127	28	10
104	178	10
207	272	10
140	32	9
19	239	9
279	259	10
62	115	10
288	158	4
47	135	6
252	54	9
115	59	10
207	76	10
257	68	10
126	264	10
101	170	9
127	189	10
165	86	10
132	96	9
195	269	10
110	103	4
127	93	10
109	96	9
233	81	10
279	237	10
114	109	10
157	203	4
131	108	4
140	117	7
109	134	10
79	30	4
253	116	4
46	139	7
70	200	4
219	206	4
259	205	10
110	264	10
46	242	4
231	214	4
2	203	4
260	90	10
25	214	8
110	257	10
105	135	6
44	32	9
279	184	10
78	283	10
280	258	10
29	37	5
234	103	4
83	188	7
165	123	10
121	52	10
226	243	4
288	54	9
114	173	9
2	238	4
45	42	7
154	257	10
49	32	9
47	7	6
70	139	7
164	9	7
19	223	7
165	137	7
49	200	4
279	224	10
148	103	4
165	78	10
73	189	10
148	14	6
285	7	6
6	135	6
118	94	9
136	108	4
254	135	6
252	100	5
176	202	9
104	217	10
273	198	4
257	115	10
199	37	7
122	170	0
211	221	9
101	78	10
136	290	4
59	112	9
179	146	6
8	57	9
129	239	9
155	112	9
232	135	6
260	236	10
52	73	7
115	120	10
183	242	4
151	267	9
65	185	4
233	94	9
105	146	6
131	276	7
154	108	8
153	186	10
114	183	10
260	98	10
275	117	7
110	1	10
26	116	4
260	168	9
73	226	10
144	243	4
207	168	9
163	71	7
165	109	10
199	108	4
143	30	4
163	247	4
80	146	6
104	112	9
245	198	4
273	94	9
122	54	0
174	94	9
85	161	7
104	256	10
215	219	10
25	284	10
161	7	3
235	29	10
236	111	4
118	278	4
141	140	10
288	56	4
123	168	9
195	238	4
169	238	4
165	197	10
163	103	4
237	185	4
126	40	10
126	151	10
143	108	4
255	251	10
255	133	10
74	290	4
62	217	10
115	132	10
115	74	10
22	173	9
101	220	4
109	167	10
177	286	9
22	104	6
68	111	4
104	198	4
138	191	4
11	290	4
259	116	4
157	190	9
68	95	4
269	58	5
76	111	4
26	30	4
72	290	4
196	290	4
209	30	4
260	46	10
74	114	10
104	168	9
62	18	10
115	76	10
279	269	10
133	116	4
257	78	10
254	172	4
141	70	10
109	53	10
211	135	6
51	200	4
279	87	10
257	95	4
181	203	4
114	70	10
127	113	10
259	209	10
255	211	10
5	108	4
101	267	9
72	14	6
257	282	10
178	107	4
270	185	4
87	83	10
62	282	10
143	106	10
279	179	10
290	54	0
73	233	10
192	31	4
272	168	9
80	220	4
10	220	4
183	286	9
115	86	10
280	79	10
144	168	9
260	254	10
179	285	10
184	95	4
88	95	4
285	58	5
207	281	10
1	198	4
259	40	10
136	94	9
141	182	10
235	145	10
141	102	10
70	214	4
252	198	4
127	232	10
288	152	4
18	238	4
207	29	10
269	17	10
101	173	9
60	7	3
255	131	10
257	289	10
154	192	10
109	222	10
287	56	4
34	143	10
62	222	10
141	38	10
288	112	9
175	182	10
133	124	9
64	124	9
258	108	4
27	146	3
127	141	10
165	198	4
165	28	10
19	290	4
133	94	9
251	94	9
98	116	4
255	136	10
253	7	6
127	109	10
162	238	4
80	238	4
209	146	6
93	146	6
99	217	10
272	32	9
207	121	10
279	38	10
44	171	9
141	43	10
148	190	9
53	265	9
62	34	10
249	103	4
139	146	3
154	170	9
259	113	10
170	171	2
53	94	9
82	286	9
215	289	10
142	168	9
130	198	4
257	82	10
281	245	10
179	187	10
234	239	9
17	239	9
61	146	6
279	282	10
165	149	10
115	95	4
19	14	6
11	10	10
126	69	10
281	99	10
235	62	10
179	36	10
256	124	9
102	77	9
283	227	4
62	253	10
264	239	9
259	185	4
207	115	10
279	60	5
100	123	10
156	203	4
0	152	4
133	57	9
251	57	9
123	190	9
56	172	1
106	103	4
249	116	4
155	94	9
226	108	4
82	111	4
281	56	4
1	267	9
126	5	10
123	238	4
253	208	7
115	46	10
273	77	9
85	103	4
281	258	10
179	24	10
164	267	9
44	42	7
234	31	4
215	78	10
98	111	4
195	226	10
197	7	6
187	7	6
15	108	4
153	51	10
62	128	10
87	172	4
255	181	10
79	243	4
165	105	10
179	208	7
215	283	10
248	163	10
69	243	4
175	113	10
153	192	10
222	14	6
75	286	9
165	207	10
195	266	8
207	93	10
82	239	9
110	50	10
126	88	10
109	214	4
147	135	6
145	198	4
59	54	9
179	186	10
155	190	9
279	191	4
282	96	9
259	164	10
153	70	10
65	23	7
201	124	9
18	3	4
99	123	10
102	168	9
279	4	10
34	123	10
233	95	4
78	212	10
65	198	4
5	168	9
136	112	9
100	14	3
260	25	10
76	108	4
115	159	10
87	96	9
175	175	10
273	239	9
259	233	10
216	14	3
199	158	4
179	217	10
218	94	9
275	30	4
282	186	10
104	129	10
78	204	9
130	172	4
281	32	9
192	3	4
176	194	4
69	116	4
255	101	10
174	54	9
259	83	10
126	142	10
257	76	10
104	18	10
104	176	10
74	185	4
281	187	10
0	173	9
164	146	6
183	135	6
179	272	10
210	54	9
196	191	4
143	185	4
89	206	4
279	253	10
287	168	9
179	144	10
89	238	4
36	103	4
279	233	10
156	198	4
109	178	10
279	260	10
99	37	5
217	7	6
260	282	10
190	54	9
279	258	10
115	236	10
205	146	6
109	254	10
126	269	10
24	135	6
19	7	6
259	139	7
34	172	4
175	94	9
279	72	10
83	30	4
196	32	9
252	200	4
177	95	4
113	239	9
236	173	9
236	227	4
215	36	10
260	285	10
34	87	10
84	14	3
83	14	6
86	95	4
179	32	9
260	204	9
62	211	10
50	173	9
257	288	10
238	94	9
228	14	6
142	135	6
279	287	10
201	14	6
269	211	10
114	151	10
78	83	10
17	135	6
80	194	4
106	57	9
180	208	7
153	145	10
36	116	4
195	55	10
0	170	9
179	289	10
187	111	4
147	103	4
176	214	4
212	98	10
98	14	6
106	112	9
288	204	9
165	67	10
165	205	10
235	7	3
141	93	10
127	86	10
53	32	9
244	170	9
178	126	5
166	14	3
53	103	4
167	32	9
224	185	4
257	252	10
165	134	10
115	10	10
73	104	10
159	66	7
255	118	10
184	266	4
98	58	5
5	152	4
252	251	10
255	143	10
151	32	9
269	171	9
236	170	9
237	135	6
132	146	6
205	54	9
154	290	4
110	102	10
106	239	9
61	290	4
127	217	10
169	290	4
65	202	9
102	202	9
143	76	10
61	112	9
149	91	7
85	32	9
110	78	10
69	202	9
153	29	10
114	62	10
165	227	8
175	5	10
226	71	7
260	172	4
184	7	6
279	144	10
273	243	4
74	91	7
92	290	4
109	276	7
280	178	10
88	135	6
279	79	10
52	203	4
281	94	9
257	215	10
34	231	10
74	266	8
179	30	4
157	95	4
160	57	9
235	41	10
279	137	5
79	185	4
166	146	3
165	273	10
212	229	10
257	92	10
62	68	10
110	92	10
249	209	10
109	137	7
109	114	10
2	146	6
25	143	10
205	60	7
69	108	4
104	290	8
109	160	10
79	198	4
126	72	10
199	111	4
155	103	4
9	7	3
110	69	10
130	146	6
145	204	9
209	239	9
275	124	9
141	113	10
94	54	2
104	262	10
79	267	9
260	252	10
279	89	10
222	238	4
215	209	10
62	29	10
179	94	9
100	232	10
104	183	10
8	172	4
2	14	6
62	226	10
2	239	9
43	94	9
114	32	9
207	116	4
62	17	10
121	190	9
259	213	10
11	18	10
207	124	9
143	239	9
234	285	10
45	168	9
113	218	7
154	108	4
175	278	4
74	108	4
193	238	4
55	170	9
150	107	4
104	138	10
134	191	4
277	112	9
29	220	4
254	139	7
109	184	10
155	14	6
114	78	10
165	204	9
55	32	9
259	222	10
85	7	6
212	182	10
38	146	6
279	159	10
157	185	4
123	55	10
279	211	10
61	30	4
184	14	6
259	45	10
234	245	10
34	159	10
201	266	4
127	136	10
2	137	7
109	120	10
28	190	9
113	54	9
282	123	10
110	262	10
167	63	7
62	75	10
62	252	10
127	160	10
47	168	9
179	53	10
260	253	10
257	96	9
24	116	4
50	137	7
59	241	4
87	171	9
199	239	9
46	170	9
255	273	10
231	124	9
46	243	4
110	87	10
25	95	4
50	135	6
257	83	10
256	54	9
90	227	4
259	282	10
104	41	10
254	30	4
115	98	10
78	191	4
264	135	6
126	180	10
195	135	6
195	214	4
34	228	10
6	271	7
125	30	4
120	146	6
150	168	9
281	67	10
8	96	9
285	135	6
120	30	4
80	77	9
260	105	10
153	146	3
75	137	7
92	185	4
259	192	10
259	112	9
62	69	10
141	11	10
129	103	4
235	193	10
33	7	6
115	216	7
44	7	6
236	267	9
47	108	4
163	278	4
179	200	4
269	178	10
213	7	6
256	32	9
226	185	4
193	135	6
115	205	10
260	181	10
57	190	2
259	199	10
176	268	4
237	204	9
62	15	10
11	204	9
142	221	9
201	133	10
237	30	4
86	146	6
99	290	8
127	6	10
211	290	4
142	238	4
205	206	4
175	124	9
141	227	8
149	112	9
109	264	10
257	134	10
78	96	9
156	96	9
261	146	3
179	79	10
132	54	9
59	220	6
78	88	10
179	113	10
165	127	10
78	41	10
235	149	10
102	108	4
28	23	7
121	32	9
18	190	9
225	135	3
179	147	10
79	91	7
165	93	10
201	108	4
62	219	10
104	45	10
215	288	10
62	192	10
212	214	8
50	32	9
181	32	9
155	124	9
18	202	9
11	36	10
126	209	10
176	135	6
61	57	9
196	57	9
279	279	10
127	184	10
121	56	4
56	57	0
98	216	5
215	217	10
144	290	4
207	195	10
62	94	9
201	152	4
67	95	4
178	278	4
74	256	10
289	168	9
82	265	9
115	273	10
236	290	4
109	93	10
165	200	4
62	270	10
127	156	10
65	239	9
142	103	4
74	267	9
126	164	10
228	117	7
209	107	4
127	111	4
196	267	9
165	59	10
252	185	4
179	162	10
157	135	6
131	23	5
45	171	9
74	124	9
115	156	10
24	95	4
62	148	10
26	227	4
159	35	5
234	98	10
177	168	9
62	197	10
46	37	7
207	112	9
114	229	10
175	96	9
193	91	7
115	5	10
28	242	4
193	32	9
232	30	4
259	244	10
104	110	10
100	187	10
120	56	4
34	36	10
109	228	10
110	270	10
65	117	7
187	14	6
9	146	3
141	72	10
212	188	7
179	140	10
269	183	10
6	9	7
83	135	6
203	204	0
88	153	7
118	30	4
215	27	5
110	132	10
15	185	4
187	124	9
257	198	4
259	267	9
149	202	9
61	227	4
62	43	10
10	103	4
165	101	10
140	146	6
114	168	9
104	274	10
282	114	10
165	39	10
109	231	10
249	182	10
127	105	10
234	54	9
102	116	4
264	56	4
115	121	10
75	96	9
149	94	9
275	94	9
127	80	10
165	91	7
127	222	10
109	22	10
153	233	10
93	168	9
149	56	4
183	290	4
255	280	5
249	267	9
187	21	7
165	251	10
165	133	10
62	158	4
62	22	10
280	64	10
283	268	4
133	103	4
26	203	4
251	103	4
255	155	10
141	96	9
165	245	10
43	54	9
127	273	10
159	114	10
72	95	4
90	185	4
121	194	4
34	137	7
260	184	10
110	37	5
210	198	4
184	146	6
186	137	5
215	87	10
104	159	10
257	231	10
49	268	4
1	190	9
98	185	4
162	263	7
198	185	1
164	239	9
126	82	10
237	168	9
114	253	10
2	91	7
106	290	4
83	168	9
131	185	4
127	142	10
28	95	4
110	274	10
160	32	9
192	108	4
159	137	7
104	113	10
282	219	10
273	214	4
285	125	10
264	185	4
141	272	10
64	267	9
85	168	9
123	54	9
26	96	9
260	267	9
183	203	4
101	259	10
219	135	6
92	227	4
179	95	4
18	116	4
62	87	10
279	43	10
279	187	10
133	238	4
22	265	9
53	170	9
61	267	9
123	211	10
64	290	4
181	122	4
1	7	6
256	103	4
279	5	10
114	279	10
179	105	10
217	20	4
165	226	10
240	14	6
186	111	4
192	91	7
109	150	10
76	116	4
178	32	9
259	51	10
277	190	9
279	108	4
252	238	4
115	127	10
283	14	6
280	255	10
187	12	7
259	81	10
259	284	10
141	271	7
104	244	10
244	135	6
232	290	4
189	139	7
260	101	10
160	290	4
180	116	4
195	96	9
192	77	9
285	241	8
126	147	10
110	240	10
110	169	10
244	54	9
34	194	4
160	107	4
259	257	10
189	111	4
159	118	10
176	239	9
199	242	4
9	135	3
55	30	4
231	14	6
149	30	4
109	208	7
127	120	10
257	186	10
212	7	6
249	29	10
201	238	4
165	139	7
179	231	10
260	275	10
175	242	4
62	114	10
192	32	9
102	7	6
283	116	4
22	96	9
50	54	9
260	251	10
40	267	9
195	69	10
229	238	4
259	33	10
176	57	9
36	214	4
232	94	9
62	177	10
229	111	4
228	54	9
165	106	10
183	238	4
104	182	10
59	108	4
179	138	10
255	262	10
51	30	4
257	79	10
167	111	4
251	242	4
259	87	10
126	132	10
259	259	10
143	95	4
154	117	7
179	227	8
11	168	9
133	112	9
251	286	9
104	137	5
148	200	4
16	94	9
1	225	7
179	143	10
157	94	9
46	280	7
134	54	9
145	137	7
131	135	6
147	200	4
207	51	10
1	137	5
201	185	4
237	152	4
175	52	10
154	80	10
165	53	10
280	7	3
55	96	9
115	101	10
277	191	4
62	166	7
144	185	4
282	75	10
109	169	10
110	209	10
279	78	10
109	201	10
70	185	4
274	168	9
101	44	10
134	146	6
165	141	10
229	87	10
109	149	10
254	239	9
226	171	9
62	163	10
88	265	9
255	92	10
224	108	4
179	264	10
165	184	10
236	30	4
62	96	9
196	103	4
254	286	9
160	96	9
121	124	9
70	23	7
201	39	10
85	108	4
257	43	10
178	139	7
269	266	4
86	208	7
141	155	10
19	96	9
204	54	9
55	135	6
260	15	10
1	77	9
131	202	9
226	32	9
154	159	10
289	198	4
222	96	9
62	274	10
141	132	10
257	102	10
150	56	4
90	112	9
114	14	6
62	186	10
129	198	4
127	154	10
279	109	10
69	238	4
127	182	10
87	54	9
285	148	10
110	229	10
212	185	4
99	227	8
49	168	9
127	102	10
141	69	10
123	19	10
259	59	10
110	151	10
281	194	4
255	206	4
209	218	7
165	147	10
179	93	10
18	206	4
195	103	4
260	249	10
165	55	10
147	227	4
106	190	9
255	46	10
226	190	9
130	271	7
175	83	10
104	8	10
38	77	9
115	243	4
180	112	9
114	22	10
70	20	8
104	211	10
104	133	10
118	54	9
259	1	10
50	158	4
115	37	5
207	192	10
83	137	5
127	95	8
75	194	4
249	190	9
178	7	6
226	94	9
60	94	9
244	57	9
19	206	4
281	219	10
199	166	7
67	135	6
38	103	4
154	219	10
272	64	6
143	112	9
64	135	6
207	289	10
34	80	10
259	95	4
181	111	4
109	207	10
233	60	5
260	207	10
145	171	9
79	238	4
236	57	9
50	267	9
70	137	7
193	14	6
34	219	10
122	77	0
109	249	10
87	7	6
164	139	7
117	108	3
282	244	10
207	61	10
165	80	10
148	198	4
104	75	10
73	25	10
62	260	10
212	201	10
90	14	6
104	0	10
22	246	4
70	96	9
93	116	4
226	23	7
212	95	4
27	135	3
207	81	10
155	202	9
279	25	10
244	242	4
277	96	9
92	239	9
13	135	6
234	94	9
145	71	7
181	7	6
121	251	10
155	241	4
179	155	10
222	239	9
37	146	3
110	167	10
123	139	7
179	39	10
104	272	10
264	96	9
120	239	9
214	54	0
165	175	10
39	276	7
22	7	6
213	94	9
89	54	9
257	126	5
141	222	10
233	266	4
99	30	4
2	32	9
150	289	10
104	69	10
99	285	10
255	62	10
79	103	4
1	73	7
167	54	9
207	19	10
15	122	4
207	85	10
260	227	4
78	57	9
110	198	4
126	145	10
115	113	10
50	96	9
132	95	4
110	30	4
87	193	10
226	124	9
8	30	4
29	185	4
79	190	9
67	239	9
12	14	3
159	103	4
253	241	4
104	131	10
6	35	5
193	198	4
62	101	10
110	128	10
207	183	10
260	189	10
255	228	10
229	247	4
130	96	9
254	122	4
90	32	9
129	30	4
126	129	10
22	30	4
137	135	3
73	249	10
61	56	4
255	100	7
133	202	9
140	178	6
43	227	4
74	203	4
127	34	10
2	190	9
123	94	9
113	220	4
197	137	5
229	54	9
154	2	10
83	286	9
0	108	4
99	142	10
273	135	6
254	198	4
6	95	4
215	2	10
196	242	4
159	112	9
10	185	4
141	277	10
257	275	10
179	11	10
179	166	7
53	290	4
110	260	10
49	108	4
104	270	10
275	32	9
53	137	5
115	274	10
75	116	4
109	104	10
34	34	10
154	51	10
26	32	9
101	229	10
189	137	7
69	239	9
201	147	10
269	267	9
115	17	10
53	111	4
229	95	4
288	108	4
194	94	9
42	120	3
259	202	9
99	185	4
179	68	10
110	7	6
262	198	4
219	239	9
19	190	9
133	198	4
127	254	10
273	146	6
207	131	10
237	227	4
115	55	10
93	56	4
26	172	4
160	161	7
70	108	4
175	108	4
144	7	6
153	189	10
62	196	10
273	57	9
131	116	4
163	108	4
211	111	4
189	95	4
253	173	9
99	74	10
97	146	3
215	278	4
141	198	4
115	128	10
43	32	9
282	146	6
279	135	6
40	57	9
281	260	10
104	226	10
259	129	10
52	30	4
197	94	9
252	84	5
259	36	10
234	139	7
78	181	10
109	128	10
123	219	10
245	30	4
255	281	10
25	162	10
165	92	10
39	185	4
269	200	4
90	168	9
269	268	8
126	135	3
255	117	7
49	94	9
51	94	9
101	55	10
259	78	10
210	57	9
98	135	6
154	172	4
262	96	9
257	205	10
211	239	9
109	257	10
154	38	10
18	30	4
269	231	10
3	239	0
157	220	4
115	25	10
109	284	10
222	108	4
164	124	9
110	5	10
244	191	4
123	122	8
257	132	10
0	242	4
282	290	4
183	94	9
126	255	10
275	95	4
279	176	10
279	147	10
11	185	4
114	257	10
255	68	10
205	94	9
211	71	7
133	247	4
251	30	4
73	252	10
207	56	4
255	137	7
165	96	9
159	168	9
80	203	4
92	32	9
40	238	4
277	271	7
110	226	10
127	253	10
154	57	9
61	137	7
286	54	9
142	206	4
260	76	10
288	146	6
131	286	9
110	22	10
259	27	5
196	266	4
285	74	10
39	94	9
122	54	9
283	91	7
279	39	10
179	251	10
179	133	10
219	14	6
195	233	10
228	95	4
283	3	4
255	226	10
129	216	7
160	267	9
141	130	10
207	290	4
74	146	6
257	38	10
36	111	4
2	194	4
277	116	4
138	94	9
82	152	4
110	282	10
123	112	9
104	128	10
11	183	10
88	286	9
260	89	10
159	198	4
270	206	4
259	163	10
101	198	4
279	257	10
179	70	10
260	86	10
259	273	10
153	2	10
277	238	4
213	60	5
255	96	9
75	135	6
169	135	6
251	230	5
28	198	4
176	286	9
36	242	4
181	198	4
13	290	4
257	81	10
257	237	10
207	145	10
242	243	1
54	267	2
126	75	10
51	14	6
257	44	10
6	216	7
217	94	9
216	135	3
141	280	7
70	94	9
47	203	4
150	98	10
75	200	4
197	286	9
45	135	6
120	96	9
254	9	7
257	123	10
201	170	9
109	290	8
259	124	9
62	102	10
123	30	4
8	56	4
127	146	6
277	290	4
237	239	9
86	227	4
205	95	4
104	65	10
153	181	10
50	239	9
109	103	4
207	55	10
159	94	9
34	37	7
29	221	9
62	273	10
233	172	4
115	109	10
154	214	4
175	55	10
209	238	4
206	54	9
61	116	4
224	168	9
279	9	7
274	9	7
58	146	3
104	284	10
257	33	10
180	190	9
86	290	4
160	14	6
133	221	9
251	173	9
45	242	4
141	269	10
178	238	4
126	181	10
98	227	4
201	116	4
259	274	10
38	32	9
176	200	4
283	290	4
83	91	7
260	157	10
0	107	4
234	39	10
123	290	4
197	20	4
106	278	4
165	176	10
118	96	9
195	148	10
252	125	10
215	175	10
115	154	10
75	290	4
224	95	4
141	251	10
141	133	10
110	121	10
181	227	4
130	267	9
189	108	4
141	115	10
62	110	10
104	144	10
127	96	9
195	168	9
53	57	9
101	57	9
255	159	10
61	206	4
44	224	6
75	32	9
169	32	9
28	98	6
165	232	10
69	185	4
73	79	10
201	251	10
279	133	10
209	103	4
136	173	9
282	206	4
110	59	10
87	29	10
109	176	10
70	204	9
205	290	4
126	79	10
215	259	10
0	185	4
279	82	10
110	72	10
215	106	10
115	252	10
74	148	10
279	175	10
176	173	9
260	115	10
269	243	4
115	69	10
151	97	7
179	180	10
255	59	10
150	238	4
257	220	8
280	209	10
78	192	10
159	229	10
253	135	6
26	95	4
144	94	9
141	2	10
165	222	10
207	244	10
142	97	7
207	285	10
64	146	6
177	220	4
140	172	4
69	30	4
177	218	7
6	206	4
126	36	10
260	199	10
193	286	9
249	204	9
34	56	4
62	259	10
211	268	4
259	173	9
275	108	4
192	168	9
281	116	4
159	95	4
197	191	4
142	290	4
255	290	4
126	275	10
62	178	10
132	241	4
172	56	1
131	112	9
109	14	6
109	256	10
62	37	5
34	37	5
11	148	10
159	33	10
115	30	4
30	54	9
207	249	10
74	175	10
236	3	8
62	269	10
260	3	4
150	227	4
111	112	0
141	128	10
255	272	10
189	280	7
115	239	9
199	14	6
55	243	4
29	32	9
282	126	5
99	7	6
257	101	10
224	204	9
110	127	10
288	57	9
104	24	10
1	30	4
78	243	4
282	251	10
6	103	8
76	103	4
141	90	10
82	112	9
141	68	10
207	134	10
78	25	10
153	118	10
33	217	10
276	7	3
160	239	9
257	107	4
123	53	10
207	189	10
213	32	9
109	216	7
109	206	4
201	168	9
207	156	10
88	290	4
264	103	4
90	7	6
210	96	9
86	48	5
126	51	10
222	278	4
255	278	4
195	30	4
176	122	4
189	153	5
215	32	9
74	152	8
39	108	4
151	247	4
129	146	6
120	173	9
113	57	9
26	194	4
259	18	10
150	219	10
104	234	10
280	229	10
133	200	4
39	30	4
210	30	4
141	36	10
193	95	4
260	4	10
151	30	4
36	135	6
145	190	9
141	238	4
248	150	10
130	14	6
207	162	10
46	91	7
62	38	10
120	185	4
114	189	10
110	114	10
151	54	9
258	95	4
252	162	10
104	173	9
193	3	4
212	96	9
99	89	10
215	95	4
0	124	9
141	175	10
88	203	4
148	239	9
111	54	0
62	109	10
29	286	9
175	80	10
1	54	9
232	96	9
33	231	10
165	270	10
34	139	7
160	94	9
141	244	10
87	177	10
102	185	4
106	108	4
109	258	10
254	218	5
165	128	10
255	19	10
285	241	4
113	172	4
272	242	4
127	52	10
53	200	4
248	29	10
22	14	6
259	270	10
101	159	10
62	53	10
104	40	10
283	194	4
61	135	6
279	217	10
257	234	10
231	268	4
125	265	9
229	231	10
219	7	6
275	23	7
110	70	10
1	146	6
208	14	3
207	0	10
102	239	9
114	87	10
101	122	4
24	54	9
109	105	10
121	245	10
164	57	9
132	238	4
127	90	10
114	135	6
62	136	10
244	198	4
46	71	7
175	168	9
141	183	10
127	174	10
175	275	10
234	283	10
269	42	7
131	56	4
80	96	9
110	140	10
1	171	9
141	192	10
86	108	4
109	189	10
84	7	3
123	255	10
281	160	10
115	136	10
207	36	10
109	269	10
26	206	4
79	94	9
73	182	10
179	226	10
126	244	10
59	168	9
121	156	10
286	286	2
149	37	5
254	32	9
134	168	9
229	204	9
101	175	10
279	128	10
143	103	4
13	168	9
232	170	9
62	111	4
138	146	6
187	173	9
179	120	10
189	14	6
104	240	10
193	266	4
101	7	6
184	239	9
25	33	10
18	239	9
174	265	9
24	267	9
257	130	10
114	198	4
260	95	8
22	57	9
80	263	7
6	276	7
167	96	9
254	238	4
213	276	7
24	111	4
249	135	6
104	127	10
205	135	6
104	196	10
121	80	10
53	239	9
244	243	4
62	65	10
225	54	9
240	54	9
259	217	10
229	116	4
179	149	10
70	290	4
255	233	10
115	64	10
279	274	10
110	125	10
272	290	4
159	238	4
131	266	4
127	278	4
179	132	10
209	214	4
31	77	0
127	212	10
62	108	4
287	32	9
92	168	9
26	112	9
92	30	4
226	122	4
127	29	10
22	2	6
150	54	9
102	9	7
175	181	10
109	18	10
104	4	10
110	259	10
189	263	5
46	268	4
120	108	4
147	108	4
269	167	10
212	105	10
167	103	4
255	277	10
181	220	4
62	98	10
255	134	10
179	114	10
194	243	1
104	187	10
101	194	4
115	176	10
201	123	10
99	246	4
154	122	8
178	119	5
101	227	4
141	45	10
39	198	4
143	37	5
255	274	10
282	36	10
109	95	4
75	57	9
38	124	9
151	185	4
70	56	4
184	290	4
51	95	4
33	96	9
101	211	10
257	192	10
87	89	10
141	143	10
85	190	9
45	243	4
201	178	10
279	199	10
87	288	10
104	39	10
118	268	4
110	213	10
176	172	4
115	285	10
62	46	10
80	276	7
8	238	4
277	168	9
186	77	9
53	168	9
252	227	8
22	168	9
105	290	4
143	135	6
148	238	4
269	138	10
115	91	7
257	269	10
235	192	10
67	7	6
289	124	9
205	239	9
110	2	10
165	156	10
22	91	7
229	274	10
28	108	4
127	112	9
151	238	4
196	170	9
279	141	10
249	95	4
287	108	4
145	30	4
279	277	10
114	205	10
196	14	6
141	274	10
109	234	10
255	113	10
143	55	10
54	94	2
189	168	9
150	94	9
179	28	10
279	40	10
127	277	10
121	132	10
141	25	10
279	209	10
143	88	10
179	2	10
134	30	4
207	108	4
126	87	10
257	114	10
97	7	3
281	152	8
178	30	4
141	37	5
186	139	7
233	30	4
153	157	10
219	32	9
39	188	7
118	198	4
50	286	9
26	238	4
210	108	4
2	185	4
63	135	3
179	8	10
62	245	10
123	62	10
91	7	3
212	165	10
274	135	6
47	204	9
126	256	10
88	204	9
155	173	9
104	281	10
258	246	4
260	211	10
194	112	0
34	95	4
259	89	10
78	185	4
87	39	10
165	9	7
132	7	6
257	195	10
277	227	4
109	183	10
97	94	9
36	198	4
87	88	10
274	185	4
189	46	6
154	26	10
181	238	4
104	26	10
141	239	9
87	41	10
100	70	10
249	170	9
144	271	7
126	123	10
237	95	4
187	168	9
240	108	4
98	95	4
25	108	4
118	135	6
65	7	6
143	267	9
141	270	10
188	54	9
126	110	10
244	202	9
62	278	4
62	85	10
1	241	4
39	112	9
145	95	4
235	88	10
114	289	10
157	77	9
79	172	4
114	50	10
104	210	10
2	139	7
22	23	7
218	135	3
62	212	10
260	233	10
133	263	7
279	113	10
88	30	4
165	274	10
279	75	10
279	169	10
229	290	4
195	146	6
205	103	4
1	3	4
67	278	4
149	71	7
62	162	10
31	94	9
259	181	10
98	96	9
224	190	9
213	37	5
288	170	9
212	9	7
196	54	9
251	238	4
127	260	10
169	73	7
115	238	4
5	3	4
282	88	10
183	243	4
280	0	10
114	110	10
285	120	10
195	163	10
207	24	10
115	199	10
104	29	10
104	115	10
115	26	10
47	96	9
215	152	4
136	238	4
256	198	4
283	278	4
50	204	9
189	116	4
174	14	6
182	54	9
177	139	7
165	264	10
141	40	10
113	14	6
205	238	4
207	96	9
201	28	10
162	14	6
197	3	4
87	182	10
83	221	9
45	7	6
22	152	4
279	94	9
279	254	10
258	23	7
5	30	4
179	92	10
115	2	10
114	123	10
255	215	10
260	103	4
279	69	10
109	138	10
46	290	4
11	186	10
162	94	9
75	54	9
101	117	7
159	185	4
2	71	7
240	203	4
127	103	4
1	103	4
62	281	10
141	6	10
90	23	5
224	103	4
227	54	0
237	267	9
62	168	9
269	209	10
22	216	5
174	168	9
222	146	6
118	290	4
148	124	9
62	145	10
87	192	10
69	94	9
88	111	4
234	137	7
11	79	10
68	194	4
260	68	10
157	137	7
201	137	5
165	203	4
157	152	4
113	238	4
110	32	9
285	32	9
141	288	10
82	203	4
22	190	9
136	116	4
255	69	10
18	198	4
39	263	7
40	54	9
123	182	10
259	240	10
127	46	10
189	23	7
245	168	9
126	199	10
38	14	6
79	32	9
87	208	7
244	168	9
74	135	6
106	238	4
123	214	4
260	239	9
285	209	10
110	279	10
179	89	10
279	283	10
109	238	4
5	20	4
70	152	4
125	14	6
62	99	10
74	103	4
148	290	4
269	290	4
67	108	4
199	168	9
210	185	4
40	204	9
207	39	10
257	164	10
69	54	9
151	135	6
164	56	4
156	108	4
255	207	10
62	205	10
256	108	4
65	216	5
260	240	10
88	96	9
260	210	10
280	141	10
235	94	9
110	24	10
62	180	10
270	30	4
142	185	4
234	30	4
179	123	10
127	236	10
62	11	10
145	194	4
141	67	10
269	158	4
260	112	9
147	185	4
187	223	5
151	227	4
189	7	6
28	173	9
178	239	9
43	168	9
72	30	4
181	107	4
233	145	10
8	173	9
207	185	4
249	270	10
260	104	10
147	112	9
174	71	7
156	265	9
141	53	10
60	14	3
175	95	4
279	88	10
51	111	4
148	173	9
282	283	10
260	5	10
26	139	7
125	135	6
280	257	10
120	7	6
255	102	10
259	46	10
255	108	8
249	213	10
212	30	4
44	94	9
127	240	10
109	219	10
34	267	9
229	103	4
115	201	10
165	33	10
101	87	10
110	233	10
40	276	7
99	54	9
228	37	5
90	96	9
131	30	4
257	254	10
237	198	4
126	113	10
149	146	6
143	191	4
150	206	4
110	217	10
121	82	10
11	103	4
255	283	10
114	56	4
281	243	4
168	32	2
15	265	9
259	5	10
236	168	9
141	74	10
175	145	10
109	159	10
154	95	4
156	135	6
52	168	9
262	170	9
134	94	9
240	117	7
272	117	7
93	198	4
106	96	9
110	36	10
98	276	7
52	202	9
51	71	7
279	256	10
282	227	8
196	94	9
102	103	4
257	180	10
34	135	6
131	218	7
249	266	4
120	116	4
100	167	10
5	94	9
233	54	9
181	221	9
179	260	10
254	95	4
104	103	8
18	71	7
80	185	4
155	290	4
38	56	4
244	108	4
192	220	4
115	262	10
179	55	10
148	214	4
6	30	4
104	241	4
36	185	4
45	108	4
269	112	9
104	68	10
26	202	9
179	215	10
64	268	4
163	94	9
279	252	10
18	54	9
113	37	5
93	54	9
255	259	10
275	198	4
99	3	4
25	137	7
255	87	10
207	46	10
47	32	9
133	172	4
251	200	4
33	14	6
234	70	10
109	148	10
279	284	10
207	279	10
282	98	10
259	103	4
114	148	10
78	279	10
106	242	4
78	177	10
104	96	9
53	185	4
255	70	10
140	7	6
130	30	4
25	185	4
211	214	4
131	7	6
120	94	9
213	139	7
143	46	10
255	252	10
207	212	10
155	37	7
132	58	5
227	94	9
179	256	10
165	164	10
42	14	3
195	281	10
115	38	10
34	216	5
106	32	9
89	95	4
97	135	3
52	278	4
141	176	10
104	46	10
280	135	3
101	118	10
144	170	9
74	242	4
162	7	6
82	135	6
115	214	4
256	112	9
222	30	4
183	54	9
114	290	4
74	239	9
53	139	7
127	2	10
157	170	9
90	54	9
281	185	4
215	103	4
264	290	4
44	266	4
114	259	10
149	116	4
104	135	6
117	146	3
99	275	10
131	124	9
109	162	10
39	204	9
62	264	10
251	135	6
110	58	5
279	289	10
183	276	7
289	14	6
115	209	10
115	288	10
114	219	10
88	220	4
127	129	10
34	9	7
212	86	10
201	56	4
285	68	10
182	94	9
76	290	4
156	30	4
232	190	9
25	96	9
141	163	10
2	198	4
10	96	9
201	164	10
127	54	9
75	139	7
40	239	9
247	54	9
110	4	10
127	165	10
260	69	10
98	23	7
213	286	9
93	238	4
73	14	3
110	154	10
236	190	9
155	32	9
118	241	4
59	32	9
279	228	10
104	74	10
114	137	7
237	243	4
255	182	10
110	86	10
133	208	7
1	239	9
200	202	0
163	91	7
150	70	10
280	99	10
257	162	10
33	111	4
222	32	9
115	45	10
211	265	9
266	191	1
165	254	10
99	184	10
17	268	4
29	198	4
257	34	10
52	185	4
281	173	9
255	37	5
259	193	10
259	212	10
46	103	4
80	135	6
15	266	4
209	246	4
215	189	10
255	53	10
109	7	6
165	140	10
127	115	10
62	138	10
68	124	9
159	108	4
205	172	4
262	94	9
184	9	7
83	171	9
93	57	9
255	40	10
126	101	10
105	32	9
279	129	10
64	94	9
255	28	10
195	160	10
279	150	10
127	3	4
110	93	10
154	277	10
256	239	9
62	6	10
62	184	10
110	74	10
199	7	6
67	103	4
259	34	10
281	267	9
260	214	8
237	238	4
181	3	4
62	146	6
117	135	3
126	146	3
165	163	10
109	251	10
143	157	10
72	108	4
187	116	4
244	96	9
29	54	9
144	247	4
78	268	8
83	3	4
207	89	10
34	124	9
76	271	7
211	286	9
104	32	9
109	74	10
126	233	10
8	146	6
266	267	0
201	173	9
237	146	6
289	200	4
110	68	10
39	170	9
28	149	6
226	107	4
32	168	2
279	85	10
234	33	10
110	141	10
281	120	10
255	25	10
104	139	7
211	91	7
238	54	0
255	6	10
110	107	4
197	32	9
277	146	6
201	271	7
272	198	4
215	158	4
127	92	10
269	116	4
141	185	4
167	168	9
110	89	10
126	182	10
143	123	10
69	77	9
104	137	7
237	54	9
285	112	9
106	204	9
26	204	9
215	89	10
179	142	10
234	96	9
183	9	7
233	7	6
33	257	10
257	228	10
143	31	4
165	104	10
249	78	10
52	124	9
105	137	7
197	247	4
232	124	6
145	146	6
217	111	4
288	37	5
115	284	10
260	33	10
104	30	4
169	30	4
236	286	9
271	7	3
281	108	4
47	152	4
87	181	10
224	32	9
78	82	10
279	255	10
92	54	9
62	106	10
260	37	5
11	237	10
126	259	10
177	135	6
89	168	9
91	170	3
104	249	10
110	147	10
70	135	6
229	168	9
276	146	3
288	171	9
192	111	4
25	20	4
195	125	10
279	36	10
72	227	4
120	117	7
2	94	9
141	101	10
106	116	4
69	152	4
226	172	4
282	148	10
207	180	10
164	198	4
102	112	9
98	290	4
73	164	10
210	103	4
15	204	9
165	288	10
197	135	6
175	59	10
259	52	10
116	112	0
288	20	4
141	139	7
126	143	10
273	290	4
165	7	6
141	160	10
231	56	4
279	244	10
167	124	9
179	18	10
259	147	10
257	179	10
50	31	4
101	163	10
49	111	4
69	170	9
255	98	10
62	134	10
36	30	4
62	236	10
15	32	9
260	34	10
144	124	9
279	11	10
233	138	10
179	71	7
279	288	10
110	168	9
93	9	7
165	162	10
237	94	9
212	37	5
110	94	9
109	278	8
15	238	4
93	243	4
133	32	9
180	96	9
153	193	10
109	106	10
149	57	9
115	7	6
279	185	4
178	161	7
285	59	10
201	75	10
17	32	9
257	138	10
179	102	10
78	241	4
74	96	9
115	254	10
282	86	10
25	198	4
87	135	6
18	9	7
85	268	4
133	7	6
264	172	4
115	144	10
280	187	10
279	201	10
121	117	7
109	175	10
281	209	10
144	135	6
113	166	7
74	14	6
277	139	7
175	174	10
181	77	9
93	103	8
201	54	9
104	287	10
279	61	10
126	109	10
234	203	4
175	112	9
153	7	3
259	228	10
159	46	10
207	215	10
19	241	4
101	214	4
257	32	9
219	168	9
134	152	4
207	282	10
83	208	7
125	206	4
228	30	4
165	85	10
219	122	4
257	146	6
219	185	4
72	158	4
251	290	4
46	246	4
269	32	9
153	5	10
199	290	4
236	172	4
285	185	4
127	279	10
86	77	9
234	267	9
249	242	4
219	30	4
98	172	4
131	96	9
141	207	10
201	32	9
151	124	9
259	95	8
34	251	10
282	238	4
129	96	9
179	184	10
102	170	9
281	163	10
99	175	10
179	59	10
62	234	10
34	175	10
115	34	10
282	256	10
148	286	9
219	108	4
53	172	4
154	245	10
163	198	4
39	239	9
127	259	10
256	111	4
104	215	10
272	96	9
0	172	4
126	169	10
244	166	7
270	112	9
46	9	5
109	32	9
131	239	9
88	32	9
252	218	5
183	239	9
141	125	10
154	54	9
258	200	4
75	7	6
229	37	5
285	10	10
47	243	4
195	189	10
207	50	10
65	278	4
64	57	9
123	227	4
102	111	4
255	193	10
136	168	9
109	10	10
78	112	9
114	36	10
259	142	10
155	203	4
179	19	10
43	271	7
28	185	4
125	94	9
255	127	10
235	50	10
49	171	9
62	61	10
154	241	4
87	78	10
226	290	4
259	37	5
101	191	4
115	198	4
288	135	6
270	227	4
289	191	4
233	32	9
212	152	4
78	182	10
249	94	9
264	168	9
24	168	9
136	227	4
259	120	10
212	198	4
118	238	4
235	46	10
154	111	4
258	168	9
42	135	3
233	129	10
34	273	10
114	30	4
90	30	4
133	168	9
251	168	9
175	185	4
153	41	10
15	20	4
18	194	4
201	155	10
255	135	6
52	95	4
257	30	4
150	210	10
229	9	7
104	60	5
184	54	9
252	168	9
109	78	10
121	133	10
82	276	7
259	25	10
21	135	3
154	171	9
78	56	4
86	206	4
126	41	10
208	94	9
115	4	10
179	137	7
257	29	10
224	54	9
82	242	4
207	259	10
189	54	9
110	34	10
126	83	10
34	180	10
210	203	4
187	263	7
145	206	4
114	137	5
115	213	10
104	61	10
258	32	9
102	216	7
110	19	10
132	108	4
114	89	10
23	7	3
68	206	4
105	108	4
101	239	9
279	0	10
153	14	3
165	177	10
143	132	10
260	198	4
177	96	9
171	170	2
269	242	4
84	146	3
196	95	4
109	200	4
207	128	10
34	117	7
33	209	10
184	190	9
114	57	9
58	135	3
219	57	9
6	290	4
76	238	4
29	108	4
179	107	4
70	54	9
134	122	4
113	111	4
213	153	7
115	185	4
189	239	9
61	124	9
104	288	10
133	185	4
59	57	9
87	32	9
280	93	10
59	173	9
201	53	10
257	233	10
132	32	9
62	215	10
165	233	10
134	23	7
98	23	5
98	124	9
80	137	7
236	32	9
115	75	10
115	187	10
211	185	4
240	57	9
109	186	10
215	239	9
64	37	5
222	7	6
93	239	9
212	124	9
10	7	6
141	145	10
37	14	3
283	32	9
195	54	9
260	175	10
257	75	10
257	169	10
126	179	10
127	4	10
67	54	9
15	103	4
79	3	4
130	54	9
281	290	4
165	118	10
115	72	10
150	1	10
62	187	10
255	45	10
109	236	10
255	90	10
195	174	10
165	256	10
145	122	4
82	238	4
121	202	9
74	160	10
109	277	10
279	125	10
159	30	4
114	98	10
0	56	4
27	14	3
274	30	4
10	152	4
74	272	10
92	108	4
180	94	9
260	195	10
264	14	6
154	243	4
109	76	10
115	172	4
258	30	4
118	242	4
212	18	10
270	14	6
249	168	9
115	189	10
104	1	10
163	31	4
186	220	4
255	26	10
178	202	9
255	130	10
244	103	4
285	30	4
105	168	9
207	197	10
126	240	10
176	263	7
147	198	4
154	227	4
38	108	4
257	28	10
265	77	2
45	20	4
212	74	10
279	107	4
110	76	10
142	198	4
210	135	6
104	102	10
164	290	4
255	81	10
78	237	10
219	9	5
98	198	4
141	196	10
62	207	10
213	95	4
112	265	2
285	108	4
229	53	10
127	163	10
62	271	7
186	286	9
74	125	10
176	56	4
270	107	4
19	54	9
160	91	7
2	20	4
259	96	9
212	129	10
270	168	9
126	187	10
102	267	9
151	290	4
141	262	10
87	211	10
105	94	9
110	199	10
279	45	10
25	239	9
115	290	8
33	142	10
199	103	4
259	254	10
188	14	3
45	30	4
115	162	10
66	14	3
251	71	7
55	227	4
150	189	10
148	30	4
99	103	4
245	112	9
114	145	10
87	200	4
78	94	9
121	11	10
148	194	4
100	211	10
255	178	10
180	168	9
175	235	5
72	54	9
10	94	9
161	54	9
177	203	4
127	199	10
79	170	9
104	76	10
164	185	4
197	204	9
199	194	4
62	263	5
85	243	4
215	77	9
215	108	4
62	150	10
110	61	10
269	94	9
62	103	4
99	198	4
101	54	9
11	32	9
93	139	7
110	223	5
285	117	7
186	108	4
183	95	4
29	204	9
141	232	10
275	204	9
69	20	8
139	142	3
121	283	10
62	89	10
179	205	10
87	125	10
115	27	5
78	235	7
184	32	9
105	57	9
109	213	10
115	179	10
15	54	9
140	223	7
279	17	10
90	146	6
106	117	7
179	134	10
93	242	4
222	23	5
87	266	4
101	112	9
35	7	3
180	227	4
257	207	10
93	108	4
141	280	5
100	78	10
61	172	4
109	26	10
39	243	4
187	107	4
260	45	10
109	197	10
99	87	10
129	168	9
78	220	4
165	262	10
179	7	6
93	276	7
90	9	7
165	173	9
71	14	3
98	112	9
110	133	10
249	189	10
259	245	10
17	146	6
201	57	9
78	116	4
287	146	6
110	122	4
90	266	4
289	158	4
183	216	5
201	7	6
134	103	4
104	175	10
110	224	10
179	281	10
149	198	4
143	283	10
141	46	10
52	135	6
142	267	9
178	94	9
207	69	10
15	3	4
46	7	6
245	7	6
249	30	4
287	14	6
280	102	10
127	88	10
228	239	9
50	190	9
22	32	9
255	120	10
15	95	4
279	54	9
121	227	4
284	94	9
179	177	10
285	56	4
60	146	3
114	192	10
71	146	3
260	143	10
75	168	9
150	135	6
100	289	10
263	135	3
102	276	7
259	115	10
13	108	4
226	198	4
236	242	4
127	221	9
257	8	10
38	135	6
141	44	10
264	7	6
260	6	10
113	247	4
110	10	10
206	77	0
12	135	3
33	31	4
141	109	10
116	242	1
109	94	9
148	168	9
164	63	7
133	56	4
251	56	4
281	65	10
189	263	7
73	277	10
159	268	4
141	193	10
141	169	10
207	167	10
211	117	7
257	128	10
47	239	9
62	287	10
114	181	10
175	192	10
289	116	4
237	247	4
165	209	10
114	227	4
67	107	4
212	218	7
127	267	9
165	4	10
148	185	4
165	210	10
46	238	4
260	43	10
179	275	10
186	54	9
262	191	4
76	208	7
260	274	10
115	233	10
0	96	9
110	201	10
233	34	10
125	198	4
233	202	9
33	245	10
110	43	10
279	207	10
0	146	6
11	269	10
179	164	10
74	170	9
120	112	9
19	242	4
231	239	9
283	139	7
255	4	10
115	50	10
175	267	9
256	7	6
127	83	10
260	57	9
260	124	9
282	103	4
257	59	10
115	103	4
255	44	10
269	206	8
141	236	10
118	221	6
126	62	10
289	290	4
132	94	9
156	243	4
259	231	10
209	135	6
2	96	9
123	284	10
26	56	4
159	158	8
274	243	4
208	146	3
229	7	6
102	278	4
5	172	4
245	12	7
105	95	4
183	108	4
286	221	2
141	17	10
59	116	4
281	112	9
179	156	10
126	34	10
183	56	4
143	286	9
225	146	3
104	132	10
85	112	9
109	262	10
154	278	4
177	202	9
201	149	10
167	108	4
260	169	10
249	112	9
236	239	9
13	124	9
13	54	9
109	118	10
245	107	4
90	238	4
255	238	4
143	67	10
25	70	10
93	202	9
252	31	4
29	248	5
99	107	4
34	98	10
50	242	4
255	107	4
139	7	3
207	234	10
109	127	10
127	270	10
101	196	10
99	186	10
201	127	10
109	196	10
159	271	7
254	112	9
136	14	6
260	116	4
162	146	6
163	216	5
195	210	10
62	8	10
62	28	10
62	199	10
269	7	6
257	163	10
189	56	4
127	227	4
115	133	10
255	213	10
268	94	9
283	124	9
257	89	10
189	198	4
64	30	4
115	43	10
110	25	10
236	135	6
110	146	6
10	54	9
154	15	10
197	239	9
231	111	4
102	198	4
212	175	10
144	30	4
105	200	4
55	265	9
109	185	4
116	54	9
118	32	9
163	111	4
83	220	4
131	220	4
153	163	10
115	283	10
257	103	4
144	108	4
50	152	4
110	138	10
49	146	6
184	23	7
33	238	4
163	124	9
6	7	6
62	25	10
234	108	4
98	238	4
196	30	4
289	214	4
87	15	10
62	244	10
260	245	10
51	198	4
255	64	10
282	9	7
259	90	10
138	198	4
156	220	4
109	139	7
257	54	9
18	37	5
184	185	4
109	195	10
75	124	9
257	52	10
144	107	4
86	96	9
46	146	6
244	111	4
28	96	9
264	30	4
29	135	6
25	168	9
260	47	10
126	98	10
207	194	4
109	135	6
211	152	4
127	15	10
213	206	4
179	207	10
256	94	9
68	103	4
110	129	10
126	157	10
197	173	9
257	145	10
240	198	4
110	244	10
136	103	4
229	214	4
62	113	10
1	238	4
141	30	4
150	227	8
186	94	9
114	9	7
224	146	6
222	37	5
73	232	10
124	112	2
167	171	9
235	5	10
98	137	7
231	173	9
123	108	4
68	7	6
165	228	10
115	11	10
274	238	4
193	168	9
156	54	9
123	3	4
109	289	10
29	122	4
255	149	10
109	3	4
25	9	7
11	233	10
109	132	10
257	10	10
258	238	4
228	146	6
279	96	9
195	236	10
269	49	10
36	278	4
8	135	6
252	103	4
236	20	8
101	276	7
285	238	4
282	278	4
285	239	9
44	290	4
64	152	4
157	204	9
209	112	9
36	202	9
279	46	10
127	17	10
8	124	9
69	124	9
121	243	4
62	72	10
85	241	4
38	57	9
281	83	10
33	157	10
79	204	9
109	281	10
0	203	4
255	24	10
211	153	7
44	30	4
207	70	10
121	168	9
72	266	4
283	185	4
8	94	9
87	220	8
151	103	4
147	54	9
104	79	10
255	140	10
210	171	9
281	191	4
143	58	5
175	146	6
121	288	10
33	173	9
192	239	9
285	36	10
29	96	9
259	109	10
164	103	4
229	137	7
226	267	9
127	53	10
255	80	10
255	52	10
115	178	10
25	206	4
255	195	10
257	244	10
64	77	9
80	103	4
40	221	9
255	162	10
269	54	9
15	14	6
163	116	4
145	168	9
234	37	5
78	145	10
141	51	10
120	170	9
219	198	4
127	197	10
121	25	10
117	14	3
93	77	9
287	122	4
109	85	10
279	103	4
257	253	10
166	135	3
179	17	10
205	108	4
201	148	10
89	96	9
193	204	9
232	238	4
179	167	10
164	112	9
244	146	6
267	190	2
270	116	4
137	14	3
147	206	4
115	249	10
109	274	10
110	115	10
255	288	10
245	54	9
62	77	9
213	103	4
11	227	4
162	168	9
78	198	4
131	168	9
260	279	10
255	105	10
179	216	7
109	81	10
121	2	10
179	136	10
195	46	10
233	58	5
159	160	10
115	28	10
136	111	4
179	139	7
153	184	10
120	103	4
270	111	4
104	92	10
165	121	10
46	94	9
156	103	4
277	14	6
163	190	9
102	146	6
215	233	10
101	137	7
126	89	10
102	95	4
273	7	6
252	126	5
38	168	9
33	251	10
251	198	4
109	87	10
153	256	10
177	265	9
282	104	10
0	290	4
104	123	10
257	201	10
62	40	10
62	127	10
259	92	10
259	94	9
88	171	9
255	61	10
145	20	4
279	86	10
96	54	9
270	290	4
178	37	5
254	108	4
39	96	9
258	239	9
233	80	10
255	95	4
138	54	9
279	154	10
211	3	4
104	275	10
65	108	4
126	53	10
195	121	10
254	116	4
183	96	9
220	221	0
89	135	6
149	139	7
231	30	4
207	228	10
161	135	3
229	241	4
253	203	4
127	181	10
121	29	10
75	202	9
192	146	6
113	124	9
62	183	10
127	14	6
179	109	10
115	88	10
165	244	10
123	185	4
257	197	10
52	173	9
165	259	10
285	247	4
271	135	3
197	214	4
114	37	5
275	146	6
179	284	10
289	32	9
150	244	10
165	11	10
115	228	10
205	96	9
26	198	4
166	94	9
72	206	4
100	159	10
141	273	10
104	237	10
49	239	9
110	189	10
281	7	6
75	48	5
130	32	9
114	239	9
145	173	9
84	54	9
100	283	10
228	290	4
79	20	4
22	21	7
256	271	7
197	54	9
99	139	7
259	65	10
167	146	6
249	137	7
50	95	4
25	156	10
255	249	10
52	267	9
99	206	4
79	96	9
87	186	10
86	198	4
260	67	10
110	134	10
283	239	9
236	54	9
68	137	7
260	262	10
229	35	5
76	198	4
145	117	7
127	36	10
29	137	7
154	168	9
149	235	5
17	185	4
248	79	10
272	146	6
82	168	9
211	168	9
73	262	10
110	49	10
126	7	3
62	257	10
115	149	10
183	265	9
55	54	9
226	170	9
126	141	10
281	170	9
46	30	4
141	129	10
69	135	6
68	168	9
73	11	10
148	172	4
155	139	7
134	239	9
36	7	6
195	196	10
244	238	4
133	96	9
47	238	4
26	146	6
175	231	10
62	238	4
191	266	1
109	270	10
260	87	10
43	238	4
126	99	10
249	19	10
154	186	10
55	290	4
259	253	10
197	77	9
228	94	9
62	198	4
136	185	4
74	32	9
274	190	9
46	54	9
150	175	10
110	273	10
127	213	10
126	159	10
134	172	4
150	95	4
179	86	10
262	171	9
260	70	10
104	134	10
249	239	9
234	175	10
283	173	9
233	283	10
108	94	9
179	290	8
144	268	4
53	77	9
234	180	10
6	58	5
234	278	4
22	223	5
114	88	10
82	58	5
99	94	9
141	98	10
201	131	10
159	146	6
141	256	10
62	283	10
106	95	4
277	54	9
141	54	9
222	95	4
19	198	4
153	54	9
192	230	5
195	270	10
169	185	4
257	278	4
89	198	4
104	52	10
104	219	10
252	163	10
179	51	10
257	136	10
80	221	9
48	135	3
257	137	7
259	249	10
115	14	6
262	146	6
1	32	9
169	14	6
121	191	4
11	166	7
282	190	9
257	26	10
62	26	10
101	150	10
251	185	4
183	173	9
234	60	5
24	266	4
143	198	4
262	54	9
143	116	4
136	7	6
51	204	9
224	30	4
10	30	4
145	152	4
114	2	10
179	273	10
289	23	5
226	95	4
82	96	9
201	96	9
115	217	10
106	198	4
85	242	4
237	242	4
83	37	5
207	226	10
106	168	9
260	162	10
2	286	9
62	30	4
62	82	10
102	58	5
226	14	6
253	32	9
179	283	10
80	243	4
282	163	10
65	175	6
118	258	6
110	17	10
127	50	10
141	260	10
113	135	6
282	218	5
73	146	3
233	19	10
150	87	10
257	69	10
164	242	4
89	30	4
89	265	9
74	191	4
121	192	10
28	14	6
257	6	10
126	229	10
46	239	9
39	208	7
252	74	10
33	30	4
235	264	10
245	94	9
123	204	9
67	77	9
133	194	4
37	135	3
80	30	4
174	239	9
248	258	10
154	190	9
234	247	8
110	187	10
157	122	4
68	94	9
277	192	6
212	289	10
178	135	6
180	185	4
179	270	10
271	14	3
133	203	4
232	117	7
62	9	7
118	185	4
283	108	4
127	56	4
101	98	10
87	2	10
259	110	10
104	72	10
162	96	9
76	77	9
123	197	10
257	182	10
192	198	4
282	239	9
275	173	9
257	196	10
201	142	10
110	51	10
165	168	9
165	212	10
249	290	4
207	160	10
38	111	4
67	238	4
109	210	10
229	112	9
215	231	10
110	45	10
39	135	6
245	278	4
127	1	10
79	265	9
34	202	9
88	20	4
147	32	9
171	54	9
255	264	10
211	95	4
259	39	10
219	56	4
141	28	10
254	171	9
289	268	4
51	54	9
109	8	10
244	290	4
215	98	10
142	278	4
109	36	10
259	275	10
67	58	5
181	286	9
134	108	4
109	69	10
215	114	10
25	81	10
141	237	10
104	273	10
73	70	10
196	171	9
212	94	9
157	286	9
279	136	10
105	239	9
181	204	9
78	263	7
270	95	4
50	103	4
21	14	3
260	82	10
152	77	0
141	7	6
165	3	4
165	200	8
153	80	10
26	290	4
207	163	10
105	103	4
196	198	4
177	122	4
235	177	10
75	137	5
143	202	9
259	168	9
2	152	4
199	198	4
288	139	7
15	57	9
141	290	8
150	143	10
33	168	9
19	8	6
179	75	10
167	204	9
67	200	4
74	33	10
101	190	9
257	251	10
257	133	10
85	238	4
207	110	10
281	171	9
255	289	10
165	281	10
109	88	10
120	290	4
157	238	4
98	91	7
210	238	4
127	30	4
252	94	9
238	239	0
43	290	4
125	122	4
269	156	10
86	54	9
195	32	9
279	290	8
179	44	10
269	146	6
126	55	10
180	153	7
207	274	10
42	7	3
257	232	10
215	267	9
195	86	10
115	264	10
264	111	4
213	198	4
209	241	4
165	155	10
126	274	10
165	269	10
106	135	6
147	146	6
5	204	9
255	287	10
176	9	7
257	144	10
19	94	9
233	243	4
215	185	4
231	117	7
127	135	6
193	203	4
40	30	4
255	34	10
259	108	4
165	289	10
175	135	6
44	146	6
153	283	10
62	189	10
8	95	4
257	0	10
76	139	7
211	94	9
289	220	4
153	82	10
113	198	4
127	196	10
110	113	10
228	198	4
141	19	10
215	107	4
141	92	10
88	168	9
115	272	10
127	155	10
2	3	4
64	58	5
279	127	10
181	96	9
279	196	10
156	204	9
34	10	10
99	177	10
155	198	4
143	96	9
165	79	10
127	229	10
38	172	4
61	7	6
177	185	4
51	116	4
65	146	6
75	56	4
134	14	6
62	44	10
279	19	10
127	130	10
74	238	4
115	276	7
142	227	4
255	78	10
254	124	9
144	70	6
121	15	10
212	278	4
233	206	4
115	115	10
234	7	6
257	90	10
93	135	6
262	263	7
127	7	6
279	92	10
87	270	10
274	56	4
109	202	9
131	32	9
52	214	4
114	24	10
281	64	10
249	71	7
234	198	4
259	141	10
178	172	4
87	108	4
62	174	10
104	94	9
105	54	9
24	278	4
179	240	10
279	101	10
92	94	9
131	238	4
140	168	9
74	134	10
141	249	10
257	227	4
285	54	9
2	135	6
127	143	10
102	290	4
269	123	10
148	7	6
195	112	9
33	107	4
288	239	9
67	146	6
104	109	10
89	239	9
61	103	4
165	43	10
176	116	4
259	232	10
260	163	10
233	239	9
39	238	4
44	103	4
255	198	4
273	14	6
34	70	10
269	237	10
215	251	10
255	76	10
255	199	10
279	52	10
46	286	9
139	135	3
235	197	10
159	107	4
26	185	4
140	278	4
175	214	4
126	15	10
138	32	9
273	170	9
207	159	10
224	268	4
109	260	10
233	39	10
114	176	10
8	198	4
176	206	4
46	108	4
192	71	7
11	116	4
110	136	10
86	173	9
274	172	4
75	172	4
141	29	10
181	280	5
183	185	4
207	22	10
123	192	10
101	123	10
259	61	10
217	278	4
115	147	10
5	276	7
78	50	10
28	23	5
130	103	4
114	177	10
52	54	9
233	170	9
12	7	3
127	257	10
15	220	4
123	111	4
143	222	10
38	112	9
281	247	4
110	15	10
178	227	4
164	103	8
70	124	9
0	198	4
263	14	3
165	219	10
189	290	4
184	94	9
257	45	10
162	265	9
177	238	4
248	33	10
115	281	10
104	167	10
280	98	10
165	178	10
99	278	4
285	283	10
141	55	10
145	221	9
147	95	4
179	252	10
62	67	10
78	194	4
62	2	10
288	238	4
160	168	9
113	7	6
88	122	4
175	6	10
279	273	10
130	238	4
109	89	10
26	124	9
150	96	9
1	290	4
19	168	9
136	54	9
254	94	9
279	76	10
104	105	10
148	94	9
260	209	10
140	190	9
87	239	9
120	37	5
229	158	8
125	54	9
143	56	4
50	185	4
181	168	9
99	108	4
154	206	4
70	31	8
123	82	10
180	108	4
104	9	7
154	82	10
259	238	4
249	36	10
141	275	10
110	39	10
114	6	10
123	32	9
211	77	9
93	32	9
11	290	8
82	23	5
101	278	8
207	54	9
260	99	10
233	142	10
118	227	4
78	239	9
165	279	10
133	54	9
251	54	9
236	14	6
165	183	10
46	261	5
273	103	4
69	290	4
279	226	10
102	200	4
17	112	9
127	183	10
183	194	4
259	251	10
99	86	10
18	103	4
222	9	7
110	101	10
79	108	4
270	239	9
287	94	9
62	0	10
232	103	4
259	229	10
228	185	4
215	138	10
174	7	6
26	168	9
259	80	10
179	128	10
109	233	10
99	121	10
138	103	4
186	208	7
51	96	9
229	72	10
217	124	9
249	108	4
34	239	9
212	283	10
254	96	9
207	178	10
252	195	10
5	238	4
25	230	5
219	286	9
183	91	7
110	180	10
47	173	9
121	41	10
141	41	10
114	85	10
245	185	4
164	107	4
255	1	10
260	111	4
104	289	10
109	51	10
76	135	6
229	106	10
104	160	10
196	172	4
126	81	10
126	237	10
212	219	10
138	139	7
53	194	4
62	10	10
109	151	10
114	11	10
181	108	4
104	253	10
114	159	10
215	141	10
101	172	4
62	229	10
255	192	10
62	86	10
153	281	10
59	239	9
75	221	9
169	94	9
143	64	10
93	107	4
91	135	3
104	101	10
219	111	4
102	194	4
165	249	10
177	30	4
36	119	5
121	267	9
232	185	4
257	46	10
233	267	9
25	146	6
253	286	9
109	288	10
251	14	6
165	215	10
34	26	10
109	154	10
15	286	9
19	91	7
215	94	9
118	14	6
85	84	5
174	12	7
208	94	9
123	145	10
217	267	9
113	168	9
234	185	4
89	290	4
210	227	4
121	111	4
87	142	10
277	122	4
115	22	10
87	95	4
187	238	4
260	75	10
255	82	10
262	103	4
121	95	4
55	238	4
207	165	10
150	11	10
179	121	10
115	184	10
82	204	9
18	276	7
73	231	10
197	95	4
67	94	9
62	227	8
257	70	10
253	185	4
183	57	9
80	95	4
52	23	7
175	134	10
90	66	7
224	198	4
78	150	10
257	125	10
259	99	10
257	24	10
207	74	10
240	238	4
165	6	10
1	170	9
205	185	4
114	283	10
279	59	10
99	108	8
253	198	4
163	7	6
149	96	9
154	124	9
160	238	4
149	77	9
28	124	9
178	124	9
104	184	10
255	258	10
257	88	10
104	185	4
62	45	10
285	181	10
141	87	10
163	239	9
24	7	6
43	14	6
254	218	7
100	29	10
36	60	5
181	265	9
154	223	7
82	108	4
134	238	4
180	95	4
255	183	10
127	282	10
175	41	10
10	168	9
260	113	10
153	88	10
1	266	4
163	14	6
215	123	10
212	172	4
134	32	9
154	197	10
36	117	7
235	82	10
245	14	6
249	198	4
101	110	10
254	185	4
110	162	10
236	108	4
253	206	4
259	160	10
179	80	10
106	7	6
49	30	4
126	270	10
231	200	4
100	87	10
113	56	4
257	86	10
282	137	7
70	57	9
52	280	7
141	206	4
45	54	9
46	171	9
207	132	10
100	86	10
212	216	7
75	247	4
132	14	6
10	238	4
126	277	10
27	7	3
209	95	4
229	185	4
260	109	10
129	185	4
127	175	10
28	168	9
99	189	10
110	269	10
114	81	10
62	237	10
72	146	6
121	5	10
72	267	9
127	24	10
104	254	10
114	211	10
110	98	10
259	7	6
176	14	6
87	198	4
31	94	9
52	111	4
178	198	4
279	145	10
259	256	10
251	37	7
115	260	10
104	121	10
126	217	10
125	95	4
212	189	10
215	9	7
236	214	4
201	93	10
101	94	9
127	107	4
233	146	6
74	30	4
281	57	9
145	14	6
232	146	6
215	22	10
104	252	10
179	219	10
24	238	4
115	215	10
63	14	3
207	15	10
51	112	9
190	94	9
179	101	10
228	108	4
264	276	7
287	239	9
53	230	5
36	32	9
87	114	10
175	26	10
61	32	9
34	278	4
150	268	4
78	54	9
40	220	4
253	239	9
10	227	4
52	14	6
201	289	10
163	30	4
126	140	10
29	238	4
165	18	10
25	14	6
255	89	10
229	73	7
88	170	9
254	266	4
142	96	9
141	136	10
259	22	10
244	77	9
212	8	10
121	173	9
143	161	7
226	242	4
90	267	9
45	170	9
259	75	10
235	162	10
78	2	10
62	239	9
175	15	10
269	191	4
192	171	9
189	276	7
179	14	6
42	54	9
143	54	9
13	94	9
141	142	10
263	7	3
233	193	10
212	258	10
165	81	10
165	237	10
207	157	10
255	88	10
234	160	10
62	14	6
210	202	9
165	167	10
127	104	10
104	93	10
273	266	4
11	135	6
37	7	3
153	228	10
159	79	10
141	123	10
36	94	9
114	99	10
61	168	9
110	238	4
269	239	9
45	94	9
234	78	10
181	71	7
8	112	9
115	183	10
273	32	9
243	32	0
165	108	4
155	30	4
207	255	10
120	172	4
257	238	4
99	168	9
274	103	4
65	32	9
215	54	9
65	94	9
127	41	10
51	152	4
104	14	6
147	239	9
18	216	7
199	94	9
13	107	4
2	220	4
148	56	4
129	124	9
232	198	4
123	205	10
192	191	4
25	30	4
89	153	7
236	124	9
93	172	4
114	108	4
62	139	7
102	30	4
44	239	9
257	131	10
183	32	9
269	117	7
192	221	9
285	103	4
83	265	9
213	30	4
78	122	8
49	290	4
185	111	1
109	110	10
172	173	0
195	101	10
255	142	10
120	135	6
101	32	9
255	9	7
164	14	6
18	7	6
209	139	7
121	77	9
192	122	4
165	54	9
288	202	9
104	7	6
110	232	10
78	214	4
123	151	10
201	198	4
167	208	7
259	135	6
179	189	10
87	214	8
101	108	4
186	227	4
67	198	4
110	106	10
49	112	9
270	238	4
234	289	10
5	54	9
207	229	10
52	204	9
126	234	10
90	37	5
116	111	1
259	157	10
260	165	10
160	185	4
153	33	10
289	112	9
107	185	1
126	260	10
154	157	10
164	58	5
113	116	4
75	112	9
259	191	4
85	230	5
90	198	4
43	103	4
141	184	10
259	30	4
28	27	7
28	227	4
65	107	4
257	4	10
260	39	10
233	238	4
189	135	6
150	89	10
52	200	4
110	83	10
241	54	9
207	34	10
126	232	10
154	30	4
260	183	10
109	163	10
126	0	10
272	95	4
233	151	10
33	54	9
252	183	10
114	95	4
126	90	10
87	191	4
257	120	10
147	168	9
0	94	9
55	286	9
156	95	4
260	19	10
274	94	9
262	32	9
11	95	4
255	284	10
52	172	4
102	124	9
127	81	10
167	30	4
183	171	9
113	185	4
279	28	10
260	146	6
140	103	4
50	198	4
44	54	9
175	51	10
251	117	7
87	157	10
252	98	10
62	135	6
147	100	7
257	185	4
259	283	10
280	44	10
74	226	10
229	193	10
95	96	0
257	5	10
165	126	5
279	195	10
195	274	10
65	218	5
74	168	9
163	135	6
255	128	10
167	7	6
163	137	7
6	137	5
74	98	10
68	73	7
70	278	4
62	289	10
70	290	8
141	137	7
70	95	4
115	125	10
131	54	9
249	286	9
177	32	9
180	111	4
62	92	10
101	243	4
233	158	8
115	81	10
115	237	10
283	7	6
277	108	4
40	173	9
29	95	4
114	18	10
55	166	7
86	31	4
260	135	6
259	0	10
251	266	4
82	32	9
59	7	6
165	148	10
145	135	6
234	219	10
43	235	6
46	107	4
282	68	10
281	242	4
123	258	10
82	54	9
93	7	6
120	57	9
127	179	10
25	283	10
199	170	9
16	54	9
279	240	10
110	207	10
17	267	9
211	30	4
176	30	4
115	275	10
287	7	6
114	163	10
192	204	9
281	1	10
186	96	9
0	54	9
17	172	4
127	94	9
257	281	10
102	173	9
75	95	4
217	146	6
141	8	10
162	95	4
87	50	10
97	54	9
38	7	6
219	172	4
259	255	10
109	46	10
279	120	10
62	116	4
232	227	4
46	263	7
162	54	9
132	168	9
148	202	9
181	237	6
177	239	9
126	175	10
34	266	4
109	190	9
210	77	9
169	239	9
75	239	9
121	135	6
127	198	4
176	32	9
233	103	4
80	290	4
0	204	9
179	274	10
64	7	6
207	193	10
143	189	10
126	192	10
160	30	4
165	180	10
83	198	4
110	46	10
141	195	10
249	227	4
80	152	4
8	111	4
186	95	4
104	140	10
255	79	10
203	32	0
154	185	4
126	38	10
164	27	7
231	32	9
86	168	9
104	207	10
6	198	4
237	14	6
51	267	9
150	111	4
115	114	10
67	171	9
141	34	10
123	277	10
74	41	10
289	267	9
195	185	4
80	168	9
141	231	10
217	135	6
110	160	10
116	116	1
104	285	10
252	106	10
282	14	6
70	112	9
213	107	4
226	238	4
104	162	10
51	135	6
102	96	9
177	152	4
143	124	9
11	247	4
201	0	10
260	81	10
260	237	10
165	94	9
176	94	9
184	198	4
181	185	4
259	281	10
287	238	4
115	282	10
121	108	4
62	224	10
178	185	4
165	129	10
62	118	10
106	191	4
257	257	10
68	32	9
174	198	4
156	172	4
102	135	6
281	257	10
115	32	9
104	19	10
6	94	9
46	225	7
254	7	6
85	30	4
179	45	10
252	30	4
104	80	10
110	254	10
289	278	4
65	14	6
75	265	9
176	96	9
120	23	5
259	6	10
62	24	10
110	99	10
234	123	10
159	37	5
127	116	4
19	20	4
279	123	10
126	106	10
0	238	4
249	238	4
212	141	10
207	104	10
144	171	9
288	94	9
196	111	4
174	96	9
121	211	10
78	32	9
179	78	10
141	89	10
127	226	10
114	179	10
62	254	10
273	171	9
62	195	10
195	167	10
50	265	9
231	7	6
207	5	10
2	122	4
46	96	9
110	236	10
98	194	4
93	216	7
165	74	10
258	290	4
131	107	4
260	212	10
259	125	10
51	168	9
262	290	4
126	25	10
154	25	10
257	148	10
234	59	10
279	281	10
260	205	10
184	135	6
65	168	9
164	191	4
11	94	9
86	278	4
274	239	9
33	149	10
207	41	10
184	103	4
163	185	4
25	289	10
289	20	4
258	198	4
141	80	10
6	173	9
99	98	10
18	290	4
0	137	7
110	18	10
186	20	4
76	239	9
104	220	4
259	159	10
62	154	10
195	244	10
138	23	7
62	105	10
92	135	6
105	198	4
141	120	10
192	185	4
72	9	7
62	160	10
61	239	9
249	32	9
149	168	9
279	140	10
179	15	10
282	241	4
109	9	7
149	122	4
177	198	4
85	94	9
229	28	10
201	290	4
115	142	10
18	103	8
85	135	6
186	203	4
5	135	6
209	111	4
123	124	9
121	157	10
115	123	10
256	23	7
249	96	9
176	216	5
125	96	9
123	15	10
141	252	10
102	280	7
259	285	10
285	201	10
235	157	10
104	164	10
179	69	10
