5317
109	19	10
229	30	4
255	0	10
255	75	10
255	169	10
104	34	10
5	203	4
125	185	4
26	108	4
47	95	4
177	54	9
87	290	4
131	194	4
210	139	7
127	205	10
147	37	5
141	59	10
179	183	10
249	247	8
82	3	4
114	278	8
33	185	4
52	23	5
115	258	10
187	112	9
62	1	10
141	108	8
78	197	10
217	32	9
121	193	10
120	32	9
34	107	4
178	146	6
234	135	6
179	201	10
53	116	4
269	96	9
255	10	10
257	74	10
126	4	10
235	15	10
279	102	10
209	185	4
126	130	10
207	82	10
273	242	4
38	117	7
113	108	4
272	30	4
0	37	5
15	137	7
2	204	9
167	227	4
132	30	4
72	223	5
255	231	10
197	188	7
257	213	10
79	14	6
45	290	4
59	103	4
149	239	9
189	30	4
99	70	10
46	32	9
127	187	10
193	239	9
236	191	4
181	20	4
259	74	10
184	23	5
70	111	4
53	204	9
53	112	9
163	112	9
167	290	4
199	32	9
28	32	9
279	227	8
215	7	6
229	216	7
19	185	4
46	198	4
131	111	4
279	7	6
255	219	10
179	175	10
259	50	10
109	34	10
127	162	10
279	10	10
141	107	4
127	99	10
82	122	4
159	135	6
18	112	9
138	168	9
164	30	4
240	239	9
209	54	9
155	116	4
149	14	6
132	66	7
260	62	10
279	271	7
275	239	9
209	198	4
156	238	4
2	265	9
155	57	9
287	227	4
207	40	10
140	290	4
179	209	10
109	107	4
257	249	10
285	290	4
34	7	6
257	39	10
253	126	5
136	56	4
252	239	9
110	258	10
126	52	10
6	54	9
142	239	9
34	108	4
87	139	7
132	63	7
196	108	4
120	111	4
127	234	10
22	276	7
46	276	7
141	94	9
207	143	10
140	32	9
19	239	9
279	259	10
47	135	6
252	54	9
207	76	10
126	50	10
101	170	9
110	103	4
127	125	10
279	231	10
109	96	9
279	81	10
70	194	4
114	109	10
275	271	7
157	203	4
131	108	4
140	117	7
109	134	10
281	30	4
46	139	7
110	175	10
110	264	10
79	191	4
207	125	10
260	90	10
25	214	8
110	205	10
105	135	6
44	32	9
101	56	4
279	184	10
83	239	9
87	168	9
165	283	10
280	258	10
29	37	5
13	103	4
83	188	7
165	123	10
121	52	10
226	243	4
288	54	9
114	173	9
207	257	10
49	32	9
257	7	6
70	139	7
164	9	7
65	200	4
165	78	10
101	189	10
192	14	6
285	7	6
6	135	6
118	94	9
136	108	4
78	135	6
252	37	5
176	202	9
118	168	9
201	176	10
104	217	10
257	287	10
99	135	6
211	221	9
126	120	10
101	78	10
136	290	4
201	284	10
183	198	4
8	57	9
129	239	9
253	238	4
155	112	9
43	135	6
189	91	7
260	123	10
52	276	7
141	233	10
262	135	6
115	120	10
151	168	9
65	185	4
233	94	9
105	146	6
131	276	7
279	108	8
260	98	10
110	1	10
26	116	4
22	238	4
260	168	9
73	226	10
236	266	4
207	168	9
163	71	7
165	109	10
199	108	4
143	30	4
163	290	4
80	146	6
104	239	9
245	198	4
273	94	9
158	54	0
219	94	9
104	256	10
215	219	10
165	284	10
0	139	7
235	29	10
236	111	4
145	54	9
141	159	10
118	278	4
141	140	10
64	54	9
288	56	4
123	168	9
197	185	4
126	40	10
115	151	10
257	36	10
143	108	4
255	133	10
74	290	4
62	217	10
115	132	10
115	74	10
22	173	9
115	226	10
101	30	4
115	134	10
150	163	10
177	286	9
22	135	6
134	198	4
148	216	5
104	198	4
130	37	5
11	290	4
157	96	9
210	95	4
269	58	5
76	111	4
26	30	4
141	162	10
72	290	4
196	290	4
209	268	4
260	46	10
255	114	10
76	168	9
231	103	4
115	76	10
104	55	10
133	116	4
251	116	4
253	54	9
257	78	10
76	276	7
254	172	4
141	70	10
211	135	6
279	87	10
257	95	4
181	203	4
114	70	10
127	113	10
259	209	10
255	38	10
61	108	4
101	267	9
72	14	6
244	91	7
257	199	10
178	107	4
288	32	9
270	185	4
89	32	9
87	83	10
207	37	5
62	262	10
259	106	10
279	272	10
290	54	0
104	233	10
192	152	4
272	168	9
80	220	4
144	168	9
260	254	10
165	138	10
179	285	10
184	95	4
115	256	10
120	238	4
104	146	6
1	198	4
38	54	9
259	40	10
136	94	9
141	144	10
207	32	9
235	145	10
141	102	10
104	277	10
159	231	10
252	198	4
127	232	10
288	203	4
18	238	4
207	29	10
34	114	10
269	17	10
104	51	10
255	131	10
257	289	10
154	192	10
109	44	10
287	56	4
259	143	10
62	142	10
140	54	9
185	107	1
141	38	10
69	31	8
288	112	9
258	108	4
102	37	5
27	146	3
274	267	9
127	141	10
165	198	4
19	290	4
179	160	10
133	94	9
251	94	9
98	116	4
255	136	10
253	7	6
127	109	10
162	238	4
80	238	4
209	146	6
93	146	6
109	217	10
272	32	9
207	52	10
279	38	10
44	171	9
141	43	10
72	32	9
148	57	9
5	265	9
62	34	10
154	181	10
249	103	4
139	146	3
260	192	10
175	3	8
289	30	4
255	189	10
19	95	4
154	170	9
259	113	10
170	171	2
53	94	9
28	146	6
215	289	10
142	168	9
130	198	4
257	258	10
53	135	6
281	245	10
15	203	4
207	187	10
28	57	9
136	124	9
61	146	6
279	131	10
165	120	10
115	95	4
19	14	6
104	10	10
126	69	10
281	54	9
269	135	6
281	99	10
50	238	4
179	36	10
256	124	9
102	94	9
201	200	8
213	239	9
259	185	4
279	134	10
279	60	5
100	123	10
156	203	4
0	116	4
133	57	9
251	57	9
123	239	9
56	172	1
249	116	4
82	220	4
281	56	4
115	140	10
1	267	9
126	5	10
123	238	4
115	46	10
83	77	9
85	103	4
281	258	10
164	54	9
44	42	7
234	107	4
215	78	10
98	111	4
260	7	6
187	135	6
153	51	10
113	30	4
62	233	10
62	128	10
87	238	4
79	243	4
165	105	10
179	276	7
283	9	7
148	32	9
215	283	10
110	163	10
69	243	4
156	7	6
207	113	10
153	192	10
51	124	9
222	14	6
192	286	9
165	207	10
141	4	10
285	118	10
126	88	10
109	30	4
98	139	7
213	135	6
145	198	4
288	116	4
59	54	9
179	43	10
155	54	9
279	198	4
25	218	7
99	123	10
102	168	9
165	275	10
279	4	10
34	123	10
236	116	4
233	95	4
126	212	10
192	95	4
36	194	4
65	198	4
285	168	9
136	112	9
260	25	10
175	32	9
33	32	9
115	159	10
213	185	4
5	221	9
87	96	9
114	175	10
259	233	10
216	14	3
199	185	4
179	217	10
257	1	10
270	94	9
275	30	4
282	87	10
104	129	10
78	173	9
281	32	9
192	3	4
76	94	9
149	173	9
176	290	4
69	116	4
255	101	10
43	108	4
259	83	10
126	142	10
260	130	10
288	185	4
104	18	10
104	176	10
259	137	7
74	185	4
115	102	10
281	187	10
1	94	9
0	173	9
39	95	4
164	146	6
55	103	4
179	272	10
164	202	9
196	191	4
143	185	4
89	206	4
287	168	9
179	144	10
89	238	4
36	103	4
279	233	10
156	198	4
109	70	10
109	178	10
279	260	10
99	37	5
217	7	6
260	282	10
233	171	9
115	236	10
205	146	6
109	254	10
126	269	10
24	135	6
19	146	6
150	37	5
259	139	7
175	94	9
78	30	4
196	32	9
252	107	4
177	95	4
113	239	9
207	199	10
207	240	10
236	227	4
149	172	4
34	87	10
84	14	3
29	239	9
83	14	6
86	95	4
229	32	9
259	234	10
62	79	10
257	288	10
80	94	9
62	147	10
228	14	6
142	135	6
279	287	10
235	211	10
104	151	10
164	100	7
121	83	10
18	32	9
224	208	7
195	1	10
0	112	9
209	7	6
141	228	10
272	94	9
179	289	10
187	111	4
199	23	5
212	98	10
126	174	10
98	14	6
28	112	9
288	204	9
233	96	9
165	189	10
165	205	10
218	7	3
141	93	10
127	86	10
163	32	9
53	32	9
244	170	9
165	27	5
166	14	3
167	32	9
269	185	4
257	61	10
165	134	10
175	82	10
115	10	10
259	104	10
159	117	7
255	118	10
184	238	4
159	58	5
5	152	4
237	135	6
132	146	6
101	111	4
83	71	7
78	168	9
110	102	10
106	239	9
68	30	4
260	55	10
174	91	7
53	54	9
259	290	4
65	202	9
155	238	4
102	202	9
61	112	9
149	91	7
85	32	9
110	78	10
153	29	10
114	62	10
165	227	8
175	5	10
289	71	7
260	172	4
184	7	6
279	144	10
51	32	9
127	76	10
273	243	4
74	91	7
92	290	4
109	276	7
280	222	10
254	173	9
88	135	6
279	79	10
52	203	4
257	215	10
74	266	8
179	185	4
157	95	4
121	210	10
160	190	9
235	41	10
79	185	4
166	146	3
165	273	10
255	229	10
26	200	4
257	92	10
62	68	10
162	108	4
62	209	10
109	137	7
260	186	10
109	114	10
279	143	10
205	263	7
69	108	4
104	290	8
109	160	10
79	198	4
257	72	10
260	145	10
175	111	4
155	103	4
9	7	3
252	9	7
110	69	10
130	146	6
145	204	9
175	116	4
209	239	9
281	124	9
141	113	10
94	54	2
260	252	10
115	180	10
222	238	4
215	209	10
62	74	10
179	94	9
8	172	4
62	226	10
43	94	9
207	116	4
62	17	10
121	190	9
279	18	10
207	124	9
143	239	9
0	57	9
127	285	10
179	74	10
45	168	9
113	9	7
175	278	4
74	108	4
193	238	4
55	170	9
22	103	4
150	107	4
104	138	10
134	191	4
207	210	10
277	112	9
0	7	6
260	108	4
115	139	7
141	278	4
110	176	10
109	184	10
155	135	6
279	229	10
114	78	10
114	270	10
101	283	10
211	198	4
55	32	9
85	7	6
232	108	4
153	182	10
38	146	6
260	29	10
279	159	10
157	185	4
110	55	10
36	239	9
61	30	4
184	14	6
259	175	10
1	95	4
127	159	10
136	135	6
244	266	4
127	82	10
223	146	3
2	137	7
13	30	4
28	94	9
113	54	9
282	123	10
110	262	10
167	117	7
62	75	10
62	169	10
207	254	10
93	194	4
184	96	9
47	94	9
179	53	10
257	96	9
24	116	4
59	241	4
69	171	9
45	32	9
179	1	10
199	239	9
46	170	9
101	103	4
46	243	4
110	87	10
25	95	4
50	135	6
257	239	9
257	264	10
175	227	4
78	172	4
264	135	6
126	180	10
195	135	6
34	118	10
233	271	7
125	30	4
281	67	10
141	259	10
145	96	9
285	135	6
120	30	4
80	77	9
63	146	3
76	185	4
141	11	10
129	103	4
235	193	10
33	7	6
115	216	7
236	267	9
11	108	4
163	278	4
222	200	4
141	178	10
213	7	6
256	32	9
226	185	4
115	205	10
260	181	10
259	199	10
279	105	10
237	171	9
62	159	10
11	124	9
142	32	9
201	133	10
237	30	4
44	168	9
86	135	6
99	290	8
127	6	10
142	238	4
15	206	4
175	124	9
201	288	10
149	54	9
115	277	10
109	264	10
257	134	10
78	96	9
156	96	9
261	146	3
179	79	10
132	54	9
53	202	9
99	271	7
59	146	6
123	50	10
78	41	10
255	205	10
78	278	4
102	108	4
28	23	7
18	124	9
225	135	3
164	37	5
33	108	4
79	91	7
201	108	4
207	146	6
62	219	10
127	70	10
104	45	10
179	288	10
212	214	8
257	22	10
70	32	9
264	32	9
155	124	9
59	124	9
18	202	9
11	36	10
126	209	10
260	40	10
101	135	6
61	57	9
287	57	9
75	103	4
18	111	4
279	155	10
127	184	10
56	57	0
207	80	10
62	94	9
201	30	4
165	95	4
178	200	4
255	256	10
289	168	9
82	265	9
121	197	10
115	273	10
236	290	4
109	93	10
155	200	4
62	270	10
127	156	10
65	239	9
142	103	4
74	267	9
126	76	10
209	107	4
127	111	4
196	267	9
165	59	10
212	135	6
252	185	4
179	162	10
157	135	6
207	123	10
45	171	9
289	146	6
134	95	4
62	148	10
159	35	5
176	23	5
234	98	10
222	168	9
62	175	10
207	112	9
175	96	9
154	5	10
28	56	4
274	271	7
163	146	6
259	244	10
120	56	4
109	228	10
175	206	4
110	270	10
65	117	7
187	14	6
271	146	3
165	14	6
61	58	5
141	72	10
193	188	7
282	78	10
245	103	4
6	9	7
83	135	6
203	204	0
273	190	9
88	153	7
257	142	10
215	35	5
15	185	4
187	124	9
257	198	4
259	57	9
149	202	9
61	227	4
62	43	10
10	103	4
165	101	10
140	146	6
114	168	9
104	274	10
165	39	10
109	231	10
260	182	10
102	56	4
127	25	10
234	54	9
78	29	10
102	116	4
179	130	10
33	290	4
115	121	10
226	96	9
275	94	9
165	91	7
109	22	10
114	233	10
216	7	3
93	168	9
149	56	4
219	116	4
183	290	4
255	280	5
249	267	9
279	275	10
187	16	7
165	251	10
165	133	10
62	185	4
280	64	10
283	111	4
133	103	4
26	203	4
167	94	9
255	155	10
141	96	9
26	94	9
165	287	10
43	54	9
127	177	10
153	177	10
175	30	4
212	114	10
187	95	4
90	185	4
187	185	4
121	290	4
179	239	9
34	137	7
118	158	4
102	103	8
110	37	5
215	198	4
141	147	10
210	198	4
112	124	2
184	146	6
186	137	5
104	159	10
257	231	10
49	268	4
1	190	9
98	185	4
207	182	10
154	263	7
160	95	4
198	185	1
164	239	9
126	82	10
114	253	10
2	91	7
106	290	4
83	96	9
131	185	4
127	142	10
28	111	4
160	32	9
159	137	7
104	113	10
126	125	10
141	272	10
64	168	9
85	168	9
115	259	10
123	54	9
26	173	9
229	94	9
260	32	9
257	259	10
219	135	6
92	227	4
179	95	4
18	116	4
279	151	10
109	146	6
283	30	4
279	43	10
279	183	10
133	238	4
164	194	4
98	30	4
287	290	4
179	54	9
61	111	4
256	103	4
279	262	10
114	279	10
179	105	10
217	30	4
22	23	5
165	226	10
249	111	4
134	91	7
115	196	10
259	150	10
76	116	4
178	32	9
259	51	10
277	94	9
149	108	4
252	238	4
115	127	10
283	14	6
280	255	10
187	12	7
259	81	10
141	271	7
244	95	4
201	135	6
232	290	4
189	139	7
260	36	10
160	290	4
126	46	10
180	116	4
15	96	9
192	77	9
126	147	10
110	169	10
34	30	4
160	191	4
189	111	4
159	118	10
176	239	9
199	242	4
71	135	3
55	30	4
150	14	6
149	30	4
109	91	7
127	120	10
257	109	10
186	238	4
249	29	10
165	139	7
179	231	10
282	100	5
211	206	4
175	290	4
1	243	4
62	114	10
192	265	9
279	219	10
283	116	4
22	96	9
260	244	10
229	238	4
259	33	10
176	57	9
36	214	4
232	94	9
115	175	10
127	157	10
228	54	9
55	271	7
165	106	10
183	238	4
59	108	4
255	262	10
51	30	4
257	79	10
133	111	4
162	290	4
259	87	10
79	242	4
126	132	10
259	259	10
143	95	4
44	243	4
179	227	8
11	168	9
133	112	9
251	112	9
49	137	5
148	200	4
74	94	9
179	143	10
157	94	9
28	202	9
156	94	9
99	280	7
59	30	4
134	54	9
145	137	7
131	146	6
147	238	4
207	51	10
163	137	5
201	185	4
175	50	10
154	80	10
165	53	10
280	7	3
181	94	9
55	96	9
69	191	4
62	166	7
179	37	5
240	96	9
110	219	10
82	185	4
109	75	10
110	209	10
279	78	10
109	201	10
149	135	6
259	15	10
274	168	9
51	172	4
115	44	10
134	146	6
165	72	10
257	87	10
109	149	10
254	239	9
44	108	4
179	264	10
199	95	4
260	177	10
165	184	10
236	30	4
62	96	9
283	54	9
196	103	4
160	96	9
121	124	9
70	100	7
287	173	9
141	39	10
270	108	4
132	198	4
178	139	7
269	266	4
255	164	10
19	96	9
232	54	9
55	135	6
98	108	4
260	15	10
1	96	9
5	239	9
226	32	9
110	159	10
289	198	4
222	202	9
62	274	10
141	132	10
90	94	9
104	37	5
114	7	6
235	186	10
129	198	4
127	186	10
141	106	10
69	238	4
179	148	10
76	30	4
110	229	10
212	185	4
99	227	8
260	134	10
49	168	9
127	275	10
141	69	10
165	19	10
259	79	10
76	194	4
255	206	4
165	147	10
274	32	9
179	93	10
181	206	4
272	103	4
147	227	4
199	54	9
226	190	9
130	271	7
104	8	10
2	77	9
249	243	4
180	112	9
233	190	9
127	22	10
70	20	8
104	251	10
104	133	10
118	54	9
50	3	4
115	37	5
207	192	10
76	32	9
127	95	8
75	194	4
201	37	5
5	137	7
249	190	9
226	94	9
131	57	9
98	206	4
199	166	7
193	220	4
38	103	4
115	219	10
272	135	6
143	112	9
15	135	6
207	25	10
255	106	10
109	207	10
233	37	5
99	96	9
115	207	10
78	108	4
215	10	10
145	286	9
79	238	4
236	57	9
262	267	9
193	14	6
34	219	10
122	77	0
109	249	10
55	7	6
164	139	7
117	7	3
115	244	10
141	226	10
207	181	10
165	87	10
104	75	10
165	25	10
62	260	10
104	201	10
90	14	6
104	0	10
25	32	9
70	96	9
93	116	4
226	23	7
212	95	4
27	135	3
207	237	10
155	202	9
279	25	10
129	290	4
276	14	3
244	242	4
285	96	9
245	239	9
234	94	9
145	71	7
127	193	10
181	135	6
155	185	4
179	155	10
83	54	9
222	239	9
37	146	3
62	132	10
179	39	10
104	272	10
159	96	9
59	14	6
120	239	9
214	54	0
165	175	10
39	276	7
22	7	6
213	94	9
89	54	9
257	37	5
141	264	10
140	30	4
127	32	9
150	289	10
104	69	10
255	236	10
79	103	4
1	73	7
167	54	9
113	32	9
207	19	10
61	173	9
15	122	4
260	56	4
78	57	9
110	198	4
126	145	10
115	113	10
50	96	9
132	95	4
110	30	4
196	71	7
87	193	10
236	122	8
226	168	9
8	30	4
29	185	4
279	206	4
79	190	9
141	135	6
67	239	9
12	14	3
123	5	10
68	290	4
159	103	4
253	30	4
104	131	10
212	35	5
229	135	6
110	128	10
13	117	7
207	183	10
260	189	10
255	228	10
130	96	9
90	32	9
129	30	4
126	129	10
127	249	10
61	56	4
93	280	7
179	4	10
133	202	9
140	14	6
43	227	4
127	34	10
2	221	9
123	94	9
113	95	4
197	137	5
154	2	10
28	239	9
0	108	4
99	142	10
273	135	6
6	95	4
259	2	10
196	242	4
141	277	10
126	39	10
43	30	4
257	275	10
179	11	10
260	215	10
179	166	7
53	290	4
141	24	10
104	270	10
53	137	5
174	146	6
115	274	10
75	116	4
186	152	4
217	117	7
109	59	10
154	51	10
26	32	9
233	168	9
269	267	9
53	111	4
288	108	4
104	53	10
83	94	9
42	146	3
289	202	9
99	185	4
179	68	10
110	7	6
179	131	10
262	198	4
19	32	9
127	254	10
273	146	6
109	131	10
237	227	4
115	55	10
160	161	7
175	108	4
144	7	6
153	189	10
280	65	10
62	196	10
131	116	4
163	108	4
189	95	4
253	96	9
279	74	10
91	146	3
141	198	4
115	128	10
43	32	9
282	135	6
279	135	6
104	260	10
104	226	10
197	94	9
252	250	5
259	36	10
234	139	7
70	227	4
154	177	10
109	128	10
245	30	4
87	94	9
255	281	10
279	162	10
0	111	4
18	108	4
39	185	4
281	62	10
269	30	4
90	168	9
269	268	8
260	2	10
285	95	4
127	117	7
49	94	9
51	94	9
210	265	9
98	135	6
154	172	4
207	2	10
257	205	10
179	61	10
211	239	9
5	23	5
109	0	10
151	14	6
179	38	10
269	231	10
3	77	0
157	220	4
115	25	10
109	284	10
113	23	5
164	124	9
110	142	10
244	191	4
18	58	5
257	132	10
240	94	9
260	290	4
183	94	9
126	255	10
86	185	4
275	95	4
279	176	10
114	257	10
255	68	10
205	94	9
165	71	7
133	30	4
251	30	4
126	252	10
2	97	7
207	56	4
255	137	7
165	96	9
114	282	10
269	224	10
159	168	9
80	203	4
92	32	9
40	238	4
110	226	10
127	253	10
154	57	9
61	60	7
2	206	4
260	76	10
288	146	6
110	22	10
259	27	5
196	266	4
201	102	10
215	135	6
255	74	10
39	94	9
76	54	9
283	71	7
179	251	10
179	133	10
24	14	6
195	233	10
228	95	4
283	198	4
255	226	10
207	252	10
163	152	4
160	267	9
141	130	10
207	290	4
74	146	6
257	38	10
36	111	4
226	146	6
270	194	4
277	116	4
138	94	9
109	226	10
110	131	10
5	122	4
123	112	9
179	269	10
104	128	10
88	286	9
260	89	10
159	198	4
270	206	4
260	232	10
110	44	10
279	68	10
264	54	9
179	70	10
260	86	10
257	273	10
153	2	10
255	96	9
75	135	6
28	198	4
126	160	10
176	124	9
36	290	4
181	198	4
109	142	10
257	81	10
126	253	10
190	267	2
126	19	10
51	14	6
189	227	4
257	44	10
6	216	7
179	87	10
217	94	9
216	135	3
70	94	9
256	290	4
47	203	4
110	144	10
75	200	4
169	200	4
40	286	9
45	135	6
113	173	9
73	160	10
115	146	6
179	228	10
269	170	9
254	9	7
257	123	10
201	94	9
62	102	10
123	30	4
219	103	4
8	56	4
127	146	6
240	185	4
277	290	4
179	206	4
237	239	9
86	227	4
104	59	10
50	239	9
109	103	4
207	55	10
159	94	9
34	216	7
29	221	9
62	273	10
115	270	10
154	191	4
209	238	4
195	7	6
61	116	4
224	168	9
126	184	10
109	98	10
179	9	7
58	146	3
104	284	10
195	94	9
257	33	10
86	290	4
160	14	6
133	173	9
251	173	9
287	30	4
45	242	4
260	185	4
141	269	10
178	238	4
126	181	10
98	227	4
201	116	4
259	274	10
38	32	9
144	103	4
283	290	4
260	157	10
244	185	4
22	107	4
255	39	10
123	290	4
197	20	4
34	185	4
150	278	4
163	96	9
279	148	10
209	94	9
215	175	10
115	154	10
90	95	4
141	133	10
257	121	10
36	108	4
259	134	10
216	146	3
110	121	10
17	227	4
130	94	9
259	252	10
189	108	4
141	287	10
62	130	10
104	144	10
127	124	9
53	57	9
101	57	9
255	159	10
189	112	9
44	135	6
75	32	9
28	135	6
165	232	10
69	185	4
279	251	10
279	133	10
136	173	9
282	206	4
110	59	10
87	29	10
110	184	10
70	168	9
205	290	4
127	123	10
126	79	10
215	118	10
0	185	4
279	264	10
104	106	10
213	216	7
115	289	10
141	148	10
154	32	9
279	175	10
113	103	4
260	115	10
269	243	4
151	117	7
179	106	10
257	290	8
280	209	10
104	229	10
253	14	6
144	94	9
141	61	10
165	36	10
207	244	10
109	123	10
207	285	10
64	146	6
177	220	4
105	172	4
69	30	4
215	218	7
207	129	10
126	36	10
260	199	10
193	286	9
249	54	9
34	103	4
62	259	10
211	20	4
105	7	6
259	173	9
275	108	4
24	108	4
205	168	9
159	95	4
260	147	10
141	1	10
197	238	4
142	290	4
255	185	4
126	275	10
62	178	10
132	103	4
127	180	10
131	112	9
62	70	10
272	54	9
109	14	6
109	256	10
62	37	5
34	37	5
255	148	10
279	26	10
258	54	9
207	249	10
255	175	10
236	3	8
62	269	10
260	30	4
141	128	10
40	135	6
255	272	10
189	71	7
115	239	9
199	14	6
184	168	9
55	243	4
189	32	9
282	126	5
99	7	6
257	101	10
224	94	9
104	24	10
141	26	10
1	30	4
62	133	10
6	103	8
76	103	4
141	131	10
82	221	9
141	68	10
257	25	10
269	118	10
276	7	3
279	53	10
213	32	9
109	216	7
109	206	4
201	168	9
215	290	4
90	7	6
210	96	9
86	48	5
126	51	10
222	278	4
255	278	4
195	30	4
154	242	4
189	153	5
215	32	9
74	191	8
39	108	4
151	108	4
281	85	10
129	146	6
120	173	9
260	234	10
113	57	9
126	165	10
83	204	9
26	194	4
259	47	10
255	18	10
150	219	10
104	209	10
109	229	10
126	47	10
184	30	4
141	36	10
193	95	4
260	4	10
151	30	4
141	238	4
110	272	10
114	150	10
120	95	4
62	155	10
130	14	6
207	162	10
46	91	7
114	189	10
110	114	10
151	54	9
126	162	10
104	54	9
193	3	4
212	96	9
215	95	4
0	124	9
141	175	10
126	177	10
88	203	4
148	239	9
241	54	0
273	267	9
62	109	10
59	94	9
175	80	10
1	54	9
232	96	9
33	231	10
165	270	10
34	139	7
160	94	9
141	244	10
102	185	4
106	108	4
253	168	9
285	198	4
113	172	4
272	227	4
127	210	10
36	124	9
127	52	10
127	62	10
248	29	10
44	170	9
22	14	6
222	198	4
259	270	10
11	159	10
207	111	4
62	53	10
103	54	0
104	213	10
283	194	4
61	135	6
279	217	10
114	234	10
231	268	4
18	280	7
125	32	9
229	231	10
249	100	7
219	7	6
275	23	7
208	14	3
141	0	10
102	239	9
114	87	10
126	249	10
211	122	4
24	54	9
159	7	6
255	184	10
109	105	10
121	155	10
164	57	9
132	238	4
127	90	10
62	167	10
244	198	4
46	71	7
175	168	9
141	183	10
127	174	10
207	275	10
234	283	10
269	271	7
174	95	4
80	96	9
110	140	10
89	227	4
259	56	4
1	171	9
141	289	10
86	108	4
109	189	10
84	7	3
114	255	10
165	69	10
260	129	10
189	96	9
289	206	4
154	182	10
59	168	9
121	156	10
228	246	4
36	95	4
149	37	5
134	168	9
229	239	9
101	175	10
279	128	10
143	103	4
232	32	9
55	108	4
130	239	9
187	54	9
179	120	10
104	232	10
46	266	4
207	177	10
110	33	10
80	265	9
164	94	9
46	267	9
113	276	7
75	198	4
169	198	4
260	95	8
22	57	9
80	263	7
245	96	9
213	276	7
24	111	4
249	135	6
104	127	10
104	196	10
121	80	10
53	239	9
244	243	4
62	176	10
148	54	9
259	215	10
148	116	4
179	72	10
70	290	4
255	233	10
75	203	4
257	135	6
115	61	10
110	125	10
272	290	4
126	156	10
131	290	4
127	290	4
101	168	9
31	77	0
127	212	10
142	108	4
104	236	10
287	32	9
92	168	9
26	112	9
92	30	4
38	116	4
226	266	4
127	29	10
22	146	6
102	9	7
109	18	10
104	4	10
110	259	10
46	191	4
120	108	4
147	108	4
115	167	10
82	95	4
257	105	10
255	277	10
228	32	9
181	220	4
257	160	10
80	286	9
62	98	10
255	134	10
179	114	10
194	116	1
104	120	10
101	116	4
115	176	10
201	283	10
121	75	10
88	54	9
154	152	8
178	119	5
141	45	10
217	14	6
143	37	5
255	274	10
282	36	10
258	94	9
34	78	10
189	185	4
70	56	4
184	290	4
33	96	9
153	211	10
257	154	10
18	135	6
165	89	10
141	143	10
85	57	9
123	181	10
45	243	4
154	145	10
201	178	10
279	199	10
87	82	10
104	39	10
110	213	10
176	172	4
115	285	10
62	46	10
80	276	7
234	238	4
277	168	9
186	77	9
53	168	9
257	227	8
22	168	9
237	103	4
143	14	6
141	138	10
257	269	10
38	227	4
67	7	6
205	239	9
110	281	10
165	144	10
22	91	7
229	118	10
207	98	10
28	108	4
127	112	9
219	290	4
196	170	9
193	221	9
179	259	10
222	107	4
260	141	10
199	243	4
249	95	4
199	30	4
109	125	10
279	277	10
196	14	6
61	14	6
175	3	4
154	88	10
255	113	10
54	94	2
126	86	10
189	168	9
150	94	9
179	28	10
279	167	10
279	130	10
127	19	10
129	32	9
141	25	10
279	209	10
175	88	10
126	2	10
134	30	4
207	108	4
126	87	10
257	114	10
178	30	4
186	139	7
233	30	4
153	157	10
219	32	9
39	188	7
207	198	4
50	286	9
207	184	10
52	116	4
2	185	4
16	135	3
114	141	10
179	8	10
62	149	10
105	117	7
259	165	10
274	135	6
233	135	6
47	204	9
141	209	10
126	33	10
255	132	10
88	204	9
155	173	9
138	108	4
104	281	10
258	246	4
245	223	7
175	238	4
194	112	0
34	95	4
259	89	10
85	278	4
78	185	4
109	39	10
165	9	7
132	7	6
257	195	10
277	227	4
213	278	4
113	94	9
87	88	10
88	185	4
189	146	6
201	26	10
101	171	9
98	278	4
181	238	4
104	26	10
141	239	9
76	112	9
87	41	10
100	70	10
249	170	9
144	271	7
34	290	4
126	123	10
237	95	4
76	124	9
72	168	9
53	108	4
98	95	4
25	108	4
65	7	6
141	270	10
126	110	10
244	171	9
62	278	4
259	186	10
121	88	10
279	160	10
279	178	10
62	228	10
62	140	10
18	200	4
287	271	7
39	32	9
145	95	4
235	88	10
114	289	10
157	77	9
114	50	10
126	150	10
104	125	10
2	139	7
218	135	3
62	36	10
260	233	10
133	91	7
262	30	4
279	75	10
279	169	10
217	290	4
255	209	10
127	5	10
195	146	6
186	3	4
67	278	4
149	71	7
259	181	10
98	96	9
213	37	5
288	173	9
212	9	7
196	54	9
55	185	4
115	238	4
5	3	4
282	289	10
183	111	4
260	41	10
115	0	10
114	110	10
141	201	10
279	285	10
110	120	10
195	154	10
207	205	10
115	199	10
104	143	10
252	96	9
67	30	4
115	26	10
189	152	4
257	118	10
34	238	4
120	198	4
279	213	10
270	96	9
283	278	4
213	58	5
147	107	4
174	14	6
177	139	7
141	76	10
113	14	6
62	108	8
17	54	9
205	238	4
231	227	4
213	96	9
201	28	10
162	14	6
197	3	4
129	94	9
83	221	9
45	7	6
22	56	4
279	94	9
279	254	10
257	167	10
179	92	10
207	30	4
114	123	10
0	200	4
255	215	10
260	103	4
279	69	10
109	138	10
201	111	4
59	56	4
46	290	4
207	186	10
162	94	9
75	54	9
169	54	9
101	117	7
159	185	4
209	227	4
2	71	7
127	103	4
1	103	4
62	281	10
141	86	10
90	23	5
224	103	4
237	170	9
110	105	10
283	168	9
275	168	9
55	146	6
110	249	10
118	290	4
148	124	9
62	285	10
87	192	10
69	94	9
99	163	10
259	111	4
234	137	7
141	254	10
260	79	10
34	54	9
165	114	10
68	116	4
260	179	10
76	137	5
165	185	4
109	143	10
25	54	9
157	152	4
113	238	4
141	288	10
82	203	4
22	94	9
136	116	4
255	69	10
18	198	4
39	263	7
40	54	9
123	182	10
259	240	10
127	46	10
189	23	7
253	95	4
245	168	9
126	199	10
92	14	6
38	14	6
79	32	9
87	208	7
244	168	9
106	238	4
123	214	4
132	239	9
285	209	10
110	256	10
196	190	9
279	283	10
109	238	4
5	20	4
93	58	5
207	269	10
51	103	4
28	290	4
125	14	6
165	38	10
74	103	4
148	290	4
269	290	4
22	108	4
199	168	9
40	204	9
257	164	10
151	135	6
164	56	4
279	118	10
262	108	4
62	205	10
256	108	4
65	58	5
260	240	10
88	96	9
260	210	10
280	141	10
88	94	9
110	24	10
62	180	10
270	30	4
142	185	4
279	236	10
257	11	10
145	203	4
269	95	4
121	186	10
260	112	9
147	185	4
187	223	5
151	227	4
189	7	6
28	173	9
178	239	9
72	30	4
181	95	4
121	145	10
8	173	9
207	185	4
8	116	4
257	93	10
207	172	4
260	104	10
262	243	4
147	94	9
92	117	7
174	71	7
156	265	9
141	53	10
60	14	3
175	95	4
148	173	9
282	283	10
26	139	7
51	203	4
120	14	6
255	102	10
259	46	10
141	213	10
127	240	10
24	32	9
109	219	10
229	103	4
115	201	10
165	33	10
101	87	10
40	276	7
99	54	9
90	96	9
131	30	4
257	254	10
33	239	9
110	143	10
165	199	10
126	113	10
279	138	10
149	146	6
143	290	4
110	217	10
121	82	10
11	103	4
175	186	10
258	278	4
255	283	10
114	56	4
127	228	10
281	243	4
255	43	10
104	216	7
168	32	2
15	265	9
259	5	10
236	168	9
141	74	10
175	145	10
109	159	10
62	39	10
232	95	4
43	146	6
167	135	6
222	54	9
52	168	9
262	170	9
134	94	9
264	117	7
272	117	7
93	198	4
114	214	4
126	14	3
38	30	4
257	140	10
110	36	10
98	276	7
51	71	7
279	256	10
282	227	8
196	94	9
102	103	4
201	117	7
257	180	10
34	135	6
131	9	7
249	266	4
120	116	4
141	167	10
5	94	9
181	221	9
179	260	10
78	211	10
110	28	10
126	115	10
254	95	4
104	103	8
22	71	7
123	235	7
80	185	4
155	290	4
165	8	10
38	56	4
279	270	10
149	107	4
109	43	10
244	108	4
192	220	4
88	198	4
6	30	4
36	185	4
99	239	9
45	108	4
104	68	10
26	202	9
179	215	10
163	94	9
279	55	10
18	54	9
215	37	5
93	54	9
115	1	10
62	120	10
255	259	10
275	198	4
99	238	4
255	87	10
207	46	10
244	32	9
33	135	6
234	70	10
109	148	10
282	98	10
259	103	4
36	54	9
127	132	10
114	34	10
281	279	10
78	177	10
53	185	4
255	70	10
140	7	6
130	30	4
219	214	4
47	77	9
213	139	7
143	65	10
255	33	10
155	137	7
132	58	5
82	94	9
255	269	10
179	256	10
165	164	10
42	14	3
195	281	10
268	54	0
115	38	10
34	60	5
256	116	4
106	32	9
97	135	3
121	40	10
141	176	10
104	46	10
280	135	3
33	118	10
207	88	10
74	242	4
252	7	6
82	135	6
260	187	10
251	214	4
256	112	9
222	30	4
183	54	9
51	239	9
74	239	9
127	2	10
157	239	9
90	54	9
156	239	9
180	139	7
233	185	4
264	290	4
281	266	4
114	212	10
149	200	4
104	135	6
117	146	3
109	275	10
131	124	9
109	162	10
235	175	10
62	264	10
138	135	6
279	289	10
115	209	10
115	288	10
186	135	6
88	220	4
127	129	10
34	9	7
109	86	10
201	56	4
87	40	10
109	68	10
25	94	9
226	30	4
127	147	10
232	168	9
141	163	10
2	198	4
195	108	4
201	164	10
127	54	9
75	139	7
39	290	4
68	54	9
110	4	10
127	165	10
260	69	10
98	23	7
213	168	9
93	238	4
73	14	3
110	154	10
236	190	9
155	32	9
118	241	4
279	228	10
104	74	10
114	137	7
110	86	10
282	70	10
76	95	4
207	14	6
1	239	9
200	202	0
257	285	10
163	91	7
150	70	10
280	99	10
257	162	10
33	95	4
45	14	6
222	32	9
115	45	10
69	267	9
211	265	9
266	191	1
176	168	9
165	254	10
257	184	10
17	268	4
29	198	4
80	239	9
52	185	4
281	173	9
255	37	5
259	212	10
123	95	4
178	14	6
80	135	6
277	32	9
69	266	4
209	278	4
154	189	10
255	53	10
165	140	10
62	138	10
68	124	9
257	155	10
159	108	4
28	172	4
262	94	9
184	9	7
67	32	9
259	88	10
121	203	8
93	57	9
255	163	10
126	228	10
257	147	10
105	32	9
207	173	9
279	129	10
183	7	6
115	160	10
121	116	4
47	3	4
110	93	10
154	50	10
256	168	9
62	213	10
255	14	6
62	184	10
110	74	10
199	135	6
254	103	4
259	34	10
281	267	9
237	238	4
181	3	4
62	146	6
33	94	9
117	135	3
83	95	4
126	146	3
165	163	10
109	251	10
123	157	10
186	239	9
72	108	4
187	116	4
244	96	9
29	54	9
29	247	4
78	20	8
83	3	4
207	89	10
269	124	9
126	29	10
211	286	9
159	32	9
260	117	7
162	107	4
109	74	10
126	233	10
266	267	0
201	173	9
64	14	6
187	146	6
289	200	4
121	26	10
110	68	10
39	170	9
28	7	6
228	107	4
188	135	3
32	168	2
207	245	10
279	149	10
179	33	10
110	215	10
207	120	10
255	25	10
104	139	7
162	91	7
104	148	10
255	244	10
269	198	4
205	30	4
197	265	9
1	168	9
232	271	7
157	198	4
215	238	4
226	54	9
127	79	10
167	168	9
110	285	10
26	239	9
150	123	10
288	172	4
287	103	4
104	137	7
237	54	9
259	182	10
285	94	9
75	204	9
26	204	9
179	96	9
234	96	9
183	9	7
269	111	4
73	134	10
143	172	4
165	102	10
150	78	10
52	124	9
288	137	7
197	152	4
145	146	6
217	111	4
288	37	5
115	284	10
126	282	10
260	33	10
75	30	4
169	30	4
165	61	10
236	171	9
121	57	9
281	108	4
47	152	4
224	32	9
78	82	10
279	1	10
92	54	9
62	106	10
260	37	5
179	81	10
179	237	10
126	259	10
89	168	9
279	164	10
255	129	10
255	176	10
110	147	10
70	135	6
229	168	9
186	204	9
288	124	9
192	203	4
195	249	10
279	36	10
72	227	4
224	117	7
164	116	4
69	111	4
110	148	10
207	180	10
109	199	10
273	191	4
164	198	4
102	112	9
98	290	4
121	103	4
15	204	9
82	137	7
217	54	9
165	288	10
197	135	6
259	52	10
288	198	4
126	143	10
236	56	4
273	290	4
165	7	6
141	160	10
274	266	4
231	56	4
52	137	7
259	107	4
24	124	9
62	277	10
179	18	10
259	147	10
257	262	10
50	20	4
101	163	10
288	111	4
69	170	9
255	98	10
64	198	4
62	134	10
274	191	4
36	30	4
260	34	10
120	124	9
143	111	4
179	71	7
53	56	4
165	162	10
237	94	9
212	37	5
110	94	9
109	108	8
15	238	4
93	290	4
133	32	9
251	32	9
153	193	10
109	106	10
149	57	9
150	86	10
178	166	7
165	10	10
257	175	10
201	169	10
17	32	9
257	138	10
179	102	10
78	111	4
74	96	9
115	254	10
282	86	10
25	198	4
87	135	6
85	172	4
133	14	6
53	198	4
264	108	4
127	233	10
279	201	10
121	117	7
141	285	10
98	94	9
109	175	10
281	209	10
144	135	6
279	239	9
113	166	7
110	277	10
74	14	6
259	174	10
207	209	10
181	77	9
201	54	9
104	287	10
126	109	10
53	203	4
137	7	3
259	228	10
101	266	4
219	168	9
279	98	10
165	75	10
257	14	6
72	198	4
133	290	4
251	290	4
46	95	4
269	32	9
22	95	4
207	62	10
153	5	10
93	185	4
199	290	4
236	172	4
259	4	10
285	185	4
127	279	10
86	94	9
154	267	9
249	242	4
98	214	4
6	96	9
141	207	10
201	32	9
33	103	4
151	94	9
259	95	8
34	251	10
129	96	9
179	184	10
102	57	9
100	163	10
207	109	10
215	70	10
99	175	10
179	59	10
262	168	9
62	288	10
180	124	9
148	112	9
219	108	4
53	172	4
126	245	10
39	239	9
211	96	9
127	259	10
256	111	4
104	215	10
209	96	9
0	172	4
244	166	7
270	112	9
283	200	4
74	243	4
46	23	5
109	32	9
131	239	9
52	32	9
104	36	10
183	239	9
141	125	10
154	54	9
164	200	4
29	7	6
145	238	4
229	37	5
179	10	10
47	185	4
230	7	3
64	239	9
123	227	4
207	7	6
102	111	4
255	196	10
62	137	7
109	10	10
78	112	9
114	36	10
259	142	10
155	203	4
179	19	10
43	271	7
28	185	4
255	127	10
64	278	4
235	50	10
49	54	9
62	61	10
154	47	10
154	266	4
115	78	10
226	290	4
115	198	4
270	227	4
233	32	9
78	182	10
249	94	9
24	168	9
28	107	4
0	218	5
136	227	4
259	120	10
212	198	4
101	290	4
226	191	4
51	238	4
165	46	10
154	111	4
258	168	9
157	265	9
42	135	3
109	129	10
113	194	4
197	139	7
90	30	4
272	108	4
251	168	9
104	199	10
153	41	10
6	238	4
121	242	4
25	238	4
15	20	4
18	194	4
201	155	10
123	2	10
255	135	6
52	95	4
147	30	4
126	210	10
229	9	7
104	60	5
123	135	6
213	238	4
115	168	9
109	78	10
121	133	10
74	190	9
259	25	10
21	135	3
154	171	9
78	56	4
126	41	10
40	95	4
115	4	10
257	217	10
224	54	9
82	198	4
50	77	9
72	117	7
207	259	10
58	7	3
64	238	4
189	54	9
272	14	6
110	34	10
210	203	4
187	263	7
150	283	10
104	258	10
115	213	10
258	32	9
132	108	4
260	193	10
23	14	3
187	198	4
105	108	4
199	271	7
150	239	9
279	0	10
153	135	3
165	142	10
165	132	10
260	198	4
177	96	9
171	170	2
269	242	4
84	146	3
141	95	4
109	278	4
207	106	10
33	209	10
134	190	9
114	57	9
58	135	3
50	203	4
159	54	9
8	290	4
76	238	4
47	153	7
75	108	4
169	108	4
70	54	9
134	266	4
113	111	4
213	137	7
115	185	4
189	239	9
104	288	10
115	163	10
133	185	4
59	57	9
87	32	9
13	14	6
115	93	10
179	135	6
201	53	10
257	233	10
132	32	9
62	215	10
165	236	10
178	23	7
98	23	5
39	103	4
98	124	9
80	137	7
144	242	4
236	32	9
87	145	10
115	169	10
154	135	6
211	185	4
240	204	9
109	101	10
215	239	9
19	37	5
39	7	6
6	239	9
10	7	6
141	199	10
283	32	9
195	54	9
260	175	10
38	290	4
257	75	10
257	169	10
259	279	10
127	4	10
67	54	9
15	198	4
215	206	4
130	54	9
281	290	4
165	44	10
165	118	10
260	1	10
83	139	7
62	55	10
126	279	10
255	45	10
79	54	9
109	236	10
255	285	10
207	174	10
145	122	4
121	112	9
234	87	10
78	206	4
109	277	10
197	96	9
279	125	10
114	98	10
0	56	4
27	14	3
274	30	4
92	108	4
180	94	9
260	213	10
264	14	6
154	243	4
109	76	10
165	24	10
207	213	10
34	32	9
258	30	4
118	214	4
212	87	10
249	168	9
115	189	10
104	1	10
163	95	4
125	168	9
255	26	10
178	202	9
255	130	10
69	95	4
285	30	4
105	168	9
207	197	10
127	78	10
126	240	10
184	263	7
154	227	4
98	168	9
288	200	4
28	103	4
257	28	10
265	77	2
45	103	4
110	76	10
269	103	4
289	108	4
142	198	4
104	102	10
176	108	4
164	290	4
255	237	10
219	9	5
62	207	10
254	54	9
77	265	2
115	130	10
127	163	10
62	271	7
186	286	9
255	125	10
176	56	4
159	206	4
19	54	9
160	91	7
2	20	4
127	89	10
115	129	10
270	168	9
126	187	10
102	32	9
151	290	4
126	104	10
141	262	10
74	95	4
105	94	9
231	94	9
279	45	10
115	108	8
207	142	10
259	254	10
58	14	3
141	118	10
260	52	10
45	30	4
115	162	10
270	71	7
148	30	4
118	103	4
245	32	9
114	145	10
121	182	10
148	194	4
259	211	10
180	168	9
215	30	4
72	54	9
10	94	9
106	54	9
121	0	10
127	199	10
79	170	9
104	76	10
195	273	10
257	18	10
197	204	9
187	103	4
288	194	4
62	60	5
24	94	9
85	56	4
215	168	9
260	258	10
215	108	4
62	272	10
110	61	10
269	94	9
277	103	4
99	198	4
193	139	7
205	223	5
260	22	10
285	117	7
1	135	6
130	108	4
183	95	4
179	249	10
29	204	9
141	232	10
275	96	9
69	20	8
139	14	3
62	89	10
179	205	10
115	27	5
23	146	3
78	235	7
15	54	9
279	17	10
90	146	6
141	121	10
257	9	7
279	205	10
93	200	4
222	23	5
87	30	4
101	112	9
35	7	3
180	30	4
257	207	10
93	108	4
257	280	5
100	78	10
110	288	10
160	54	9
260	257	10
274	96	9
61	172	4
109	26	10
260	159	10
109	130	10
99	87	10
129	168	9
78	227	4
165	262	10
179	7	6
93	276	7
90	9	7
87	227	4
71	14	3
260	255	10
15	77	9
110	231	10
279	189	10
165	146	6
201	57	9
175	211	10
207	90	10
287	146	6
110	206	4
79	266	4
70	173	9
289	227	4
183	216	5
201	7	6
49	135	6
134	103	4
207	175	10
110	275	10
179	281	10
149	198	4
141	78	10
126	197	10
109	283	10
52	135	6
142	94	9
88	206	4
269	238	4
11	112	9
245	146	6
249	30	4
62	19	10
257	19	10
287	14	6
228	239	9
255	120	10
279	54	9
121	227	4
132	185	4
189	94	9
155	56	4
71	146	3
260	143	10
75	168	9
47	265	9
150	135	6
169	168	9
263	135	3
192	238	4
104	264	10
217	108	4
226	198	4
127	57	9
257	8	10
38	135	6
141	44	10
264	146	6
260	6	10
26	54	9
127	215	10
206	54	0
35	135	3
33	198	4
62	275	10
141	109	10
243	242	1
109	94	9
133	56	4
281	65	10
189	263	7
179	154	10
165	277	10
159	278	4
141	169	10
255	167	10
153	50	10
62	287	10
114	181	10
175	192	10
289	116	4
237	108	4
114	227	4
67	107	4
208	135	3
127	168	9
165	4	10
148	185	4
165	130	10
46	238	4
85	173	9
260	229	10
179	275	10
186	54	9
262	191	4
150	198	4
76	208	7
260	274	10
115	233	10
147	96	9
110	201	10
125	198	4
283	202	9
280	245	10
110	43	10
279	207	10
0	146	6
115	269	10
179	164	10
74	170	9
19	103	4
217	112	9
180	239	9
283	139	7
175	54	9
256	7	6
127	83	10
260	57	9
228	103	4
257	59	10
126	205	10
5	96	9
255	44	10
114	206	8
141	236	10
186	185	4
126	62	10
132	94	9
189	278	4
156	185	4
209	135	6
201	172	4
2	96	9
62	284	10
26	56	4
159	158	8
274	108	4
208	146	3
229	7	6
130	185	4
102	172	4
34	209	10
240	91	7
5	185	4
207	83	10
130	95	4
183	108	4
286	221	2
141	17	10
59	116	4
281	112	9
179	236	10
126	34	10
183	56	4
17	168	9
143	57	9
225	146	3
104	132	10
283	112	9
24	103	4
2	223	5
109	262	10
110	79	10
233	278	4
177	221	9
167	108	4
260	50	10
249	112	9
236	112	9
13	54	9
245	107	4
25	70	10
93	202	9
252	95	4
29	248	5
99	107	4
255	138	10
34	98	10
50	122	4
255	107	4
139	7	3
207	234	10
109	127	10
181	152	4
115	118	10
99	78	10
201	18	10
109	196	10
159	271	7
254	112	9
258	14	6
119	146	3
179	127	10
163	216	5
244	14	6
259	210	10
199	171	9
62	8	10
62	28	10
62	199	10
269	7	6
189	238	4
100	89	10
127	172	4
115	287	10
282	94	9
189	198	4
64	30	4
109	113	10
115	43	10
52	57	9
110	146	6
179	238	4
10	54	9
78	15	10
197	239	9
254	111	4
212	175	10
144	30	4
55	94	9
109	185	4
74	54	9
118	32	9
115	229	10
83	220	4
131	198	4
153	163	10
115	283	10
52	56	4
22	139	7
164	238	4
260	160	10
50	152	4
110	138	10
162	198	4
33	238	4
62	25	10
234	95	4
289	214	4
281	222	10
62	244	10
260	120	10
51	198	4
255	93	10
282	9	7
138	290	4
178	91	7
80	198	4
156	194	4
257	54	9
222	185	4
212	239	9
62	107	4
46	146	6
34	206	4
11	111	4
109	244	10
28	54	9
281	103	4
264	30	4
150	137	7
255	144	10
60	135	3
257	226	10
126	98	10
232	7	6
68	112	9
50	206	4
211	152	4
114	94	9
109	121	10
127	15	10
256	94	9
145	220	4
68	103	4
110	129	10
113	96	9
69	190	9
51	173	9
240	198	4
133	239	9
126	215	10
110	244	10
229	206	4
127	173	9
231	290	4
62	113	10
257	209	10
1	238	4
70	30	4
150	227	8
186	94	9
114	9	7
224	146	6
115	232	10
163	238	4
124	112	2
249	171	9
235	5	10
121	51	10
98	137	7
123	108	4
272	7	6
115	11	10
127	87	10
274	238	4
178	168	9
165	107	4
123	116	4
109	289	10
29	122	4
141	205	10
255	149	10
88	3	4
25	9	7
11	233	10
257	10	10
258	238	4
228	146	6
195	236	10
269	49	10
36	278	4
74	198	4
207	135	6
236	20	8
257	113	10
75	276	7
285	238	4
248	135	3
285	239	9
44	290	4
0	168	9
176	112	9
114	182	10
36	168	9
279	46	10
127	47	10
116	194	1
69	124	9
121	243	4
62	72	10
38	57	9
109	45	10
260	83	10
78	157	10
201	112	9
79	239	9
207	33	10
127	209	10
109	54	9
211	153	7
44	30	4
154	163	10
207	70	10
72	185	4
283	185	4
0	194	4
87	220	8
151	103	4
147	54	9
104	79	10
39	171	9
281	191	4
69	198	4
39	146	6
121	288	10
219	173	9
127	134	10
136	271	7
255	36	10
29	96	9
259	109	10
157	3	4
164	103	4
229	137	7
226	267	9
127	150	10
255	254	10
115	178	10
255	195	10
275	54	9
64	32	9
8	103	4
40	221	9
269	54	9
163	116	4
88	152	4
34	168	9
234	37	5
78	145	10
276	135	3
120	168	9
207	78	10
174	238	4
175	198	4
127	197	10
25	290	4
117	14	3
257	274	10
287	172	4
109	11	10
257	17	10
100	135	3
205	108	4
193	204	9
232	238	4
179	167	10
164	112	9
244	146	6
267	190	2
270	116	4
119	14	3
15	94	9
114	41	10
147	290	4
127	40	10
115	249	10
110	284	10
62	54	9
207	130	10
213	103	4
231	168	9
255	154	10
131	168	9
260	279	10
179	216	7
109	237	10
121	2	10
179	136	10
195	46	10
233	58	5
255	160	10
115	28	10
136	111	4
179	139	7
153	197	10
257	176	10
257	108	8
120	103	4
104	92	10
165	121	10
46	94	9
102	146	6
207	233	10
127	185	4
192	137	7
11	278	8
126	89	10
279	95	4
273	7	6
252	126	5
38	168	9
115	251	10
160	198	4
153	47	10
177	265	9
0	290	4
104	231	10
62	201	10
62	127	10
104	95	4
88	221	9
255	61	10
279	86	10
115	54	9
270	290	4
254	108	4
70	172	4
259	258	10
39	96	9
258	239	9
258	103	4
87	80	10
247	77	0
255	95	4
110	96	9
138	54	9
279	154	10
211	3	4
104	275	10
115	107	4
126	74	10
0	202	9
195	121	10
183	96	9
220	221	0
67	185	4
89	135	6
149	139	7
207	228	10
212	54	9
235	135	3
229	108	4
196	168	9
83	203	4
121	29	10
169	202	9
75	202	9
113	124	9
62	183	10
115	87	10
165	244	10
123	185	4
257	151	10
55	198	4
52	173	9
165	259	10
271	135	3
138	214	4
253	37	5
275	146	6
179	284	10
154	211	10
289	32	9
127	244	10
165	11	10
115	228	10
160	266	4
83	146	6
78	290	4
26	198	4
283	238	4
115	94	9
257	159	10
141	273	10
104	81	10
104	237	10
232	239	9
110	189	10
281	7	6
126	193	10
75	23	5
169	23	5
259	239	9
257	277	10
145	94	9
193	54	9
100	283	10
165	136	10
228	290	4
79	95	4
22	21	7
149	7	6
256	271	7
197	54	9
99	139	7
259	189	10
62	231	10
167	146	6
249	137	7
50	95	4
259	156	10
6	32	9
165	196	10
45	146	6
134	267	9
99	206	4
79	96	9
87	186	10
86	198	4
110	134	10
283	239	9
104	166	7
62	232	10
164	137	7
260	88	10
244	239	9
229	35	5
76	198	4
281	117	7
29	137	7
154	168	9
237	235	5
115	79	10
207	47	10
272	146	6
259	184	10
143	168	9
115	131	10
219	112	9
183	124	9
255	180	10
5	146	6
126	141	10
281	170	9
46	30	4
141	129	10
69	135	6
68	168	9
255	11	10
148	172	4
155	139	7
181	139	7
134	239	9
195	196	10
47	238	4
26	135	6
62	238	4
191	266	1
109	270	10
28	238	4
126	99	10
259	19	10
154	186	10
55	290	4
259	253	10
197	77	9
228	94	9
62	198	4
262	266	4
74	32	9
274	190	9
46	54	9
8	32	9
67	202	9
236	94	9
110	273	10
127	213	10
134	185	4
150	95	4
255	239	9
179	86	10
260	70	10
104	134	10
249	239	9
234	175	10
283	94	9
110	283	10
123	177	10
179	290	8
59	268	4
53	173	9
109	140	10
141	180	10
115	24	10
6	58	5
234	278	4
22	223	5
288	168	9
155	168	9
33	58	5
99	94	9
201	131	10
159	146	6
199	238	4
141	256	10
62	283	10
106	95	4
277	54	9
240	95	4
19	198	4
192	223	5
260	197	10
257	270	10
75	185	4
89	198	4
110	54	9
126	285	10
104	38	10
104	219	10
279	163	10
277	135	6
131	200	4
109	92	10
48	135	3
257	137	7
259	249	10
115	14	6
282	189	10
1	32	9
279	180	10
169	14	6
121	191	4
11	117	7
179	118	10
257	26	10
62	26	10
260	150	10
36	112	9
87	185	4
109	37	5
183	173	9
259	60	5
24	290	4
256	30	4
143	198	4
205	32	9
262	54	9
143	116	4
150	7	6
224	30	4
191	190	0
126	6	10
10	30	4
39	168	9
114	2	10
179	273	10
289	23	5
226	95	4
82	96	9
273	271	7
115	217	10
179	198	4
237	242	4
93	37	5
207	226	10
106	168	9
260	162	10
24	30	4
217	103	4
62	125	10
100	175	10
253	32	9
179	283	10
80	3	4
118	7	6
110	17	10
127	50	10
141	260	10
113	135	6
282	218	5
115	19	10
150	87	10
257	69	10
164	172	4
89	30	4
213	54	9
89	94	9
74	191	4
121	192	10
28	14	6
257	284	10
126	229	10
46	239	9
33	30	4
104	43	10
235	83	10
123	96	9
37	135	3
174	239	9
260	78	10
207	258	10
234	214	8
110	8	10
157	122	4
277	7	6
283	135	6
180	185	4
179	270	10
275	103	4
1	108	4
0	239	9
78	238	4
126	22	10
271	14	3
133	203	4
226	117	7
62	9	7
89	185	4
283	108	4
126	186	10
101	98	10
87	2	10
255	227	8
259	110	10
162	96	9
123	197	10
257	127	10
192	198	4
282	239	9
143	173	9
260	142	10
110	196	10
18	168	9
165	131	10
207	160	10
69	137	7
38	111	4
67	238	4
113	112	9
215	231	10
110	45	10
39	135	6
245	278	4
127	1	10
34	96	9
98	54	9
147	32	9
282	89	10
110	178	10
181	54	9
255	264	10
211	95	4
219	56	4
86	139	7
141	28	10
254	168	9
289	111	4
8	168	9
51	54	9
109	8	10
244	290	4
215	98	10
142	95	4
109	36	10
88	238	4
279	34	10
39	107	4
134	108	4
109	69	10
215	114	10
141	81	10
141	237	10
104	273	10
163	139	7
212	94	9
279	136	10
259	86	10
181	204	9
22	263	7
270	95	4
183	23	5
131	103	4
21	14	3
260	82	10
152	77	0
233	108	4
46	185	4
211	54	9
165	238	4
26	290	4
11	30	4
207	163	10
105	103	4
186	221	9
196	198	4
177	122	4
235	177	10
258	185	4
75	137	5
143	32	9
259	168	9
2	152	4
85	14	6
24	112	9
29	152	4
109	38	10
199	198	4
288	139	7
141	290	8
115	143	10
154	94	9
19	135	6
179	75	10
207	1	10
67	200	4
141	33	10
257	133	10
83	238	4
207	110	10
281	171	9
207	95	8
255	289	10
183	168	9
165	281	10
109	215	10
53	30	4
120	290	4
157	238	4
165	154	10
98	91	7
127	30	4
252	94	9
238	239	0
93	124	9
197	122	4
260	156	10
86	54	9
195	32	9
279	290	8
165	98	10
179	44	10
269	146	6
180	137	7
207	274	10
42	7	3
257	232	10
215	96	9
165	231	10
115	264	10
213	198	4
209	241	4
165	155	10
165	269	10
115	135	6
147	146	6
255	287	10
176	9	7
145	3	4
19	94	9
233	243	4
231	117	7
127	135	6
193	203	4
40	203	4
255	34	10
259	108	4
165	289	10
25	103	4
237	96	9
175	135	6
1	191	4
44	146	6
141	283	10
2	54	9
62	189	10
2	95	4
257	0	10
64	202	9
76	139	7
211	94	9
153	82	10
113	198	4
234	206	4
127	255	10
207	87	10
110	113	10
228	198	4
109	144	10
141	19	10
215	107	4
141	92	10
79	168	9
260	80	10
2	3	4
64	58	5
279	127	10
207	86	10
181	96	9
279	196	10
156	204	9
181	14	6
102	54	9
34	10	10
110	0	10
99	289	10
155	198	4
143	96	9
165	79	10
127	229	10
38	172	4
177	185	4
51	116	4
65	146	6
109	209	10
10	32	9
75	56	4
62	44	10
279	19	10
127	130	10
74	238	4
115	276	7
142	227	4
255	78	10
254	124	9
260	132	10
144	146	6
121	15	10
233	206	4
115	53	10
234	7	6
257	53	10
93	135	6
262	263	7
127	7	6
279	92	10
279	8	10
207	270	10
274	290	4
109	239	9
131	32	9
52	238	4
281	64	10
82	77	9
288	71	7
234	198	4
259	141	10
178	108	4
87	108	4
62	129	10
104	94	9
105	54	9
179	98	10
84	135	3
279	101	10
131	238	4
140	168	9
74	134	10
285	54	9
2	135	6
127	143	10
110	123	10
148	7	6
93	112	9
33	107	4
207	150	10
288	239	9
67	146	6
104	109	10
61	103	4
165	43	10
176	116	4
259	232	10
260	163	10
233	239	9
39	238	4
98	137	5
255	198	4
34	70	10
110	81	10
110	237	10
17	290	4
255	8	10
255	76	10
229	96	9
255	199	10
279	114	10
235	197	10
123	278	4
126	15	10
138	32	9
207	159	10
110	9	7
224	268	4
115	39	10
40	198	4
283	206	4
192	71	7
11	116	4
110	136	10
274	95	4
211	238	4
75	172	4
141	127	10
281	168	9
183	185	4
62	7	6
207	22	10
5	220	4
123	192	10
101	123	10
259	123	10
187	278	4
115	147	10
5	71	7
78	50	10
179	129	10
28	23	5
130	103	4
233	170	9
1	185	4
138	227	4
127	257	10
262	242	4
143	222	10
231	57	9
38	112	9
127	252	10
187	96	9
281	111	4
110	53	10
163	227	4
164	103	8
164	7	6
102	238	4
70	124	9
0	198	4
263	14	3
165	219	10
115	33	10
189	290	4
257	45	10
177	238	4
109	33	10
104	167	10
127	274	10
99	283	10
179	244	10
126	226	10
141	55	10
145	221	9
147	95	4
63	7	3
129	108	4
62	144	10
288	238	4
113	7	6
88	122	4
178	54	9
279	273	10
130	238	4
114	172	4
109	259	10
26	124	9
150	96	9
1	290	4
19	168	9
136	54	9
260	209	10
62	123	10
140	94	9
87	239	9
229	158	8
143	56	4
154	116	4
50	185	4
181	239	9
184	108	4
123	82	10
283	214	4
180	108	4
104	9	7
259	238	4
150	36	10
141	275	10
110	39	10
260	54	9
123	32	9
211	77	9
93	32	9
144	54	9
82	23	5
101	278	8
115	8	10
207	54	9
260	99	10
36	96	9
104	142	10
165	113	10
133	54	9
226	135	6
165	183	10
289	263	7
69	290	4
279	226	10
102	200	4
127	183	10
188	146	3
179	26	10
110	251	10
99	86	10
222	208	7
79	108	4
270	239	9
275	290	4
62	0	10
164	276	7
104	33	10
259	229	10
228	185	4
215	138	10
121	181	10
174	135	6
26	168	9
259	80	10
104	269	10
279	121	10
138	103	4
217	116	4
186	208	7
199	96	9
255	72	10
217	124	9
249	108	4
34	239	9
212	283	10
254	96	9
5	238	4
25	37	5
219	54	9
183	91	7
110	180	10
260	173	9
121	41	10
244	190	9
280	85	10
162	103	4
245	185	4
255	1	10
228	96	9
104	130	10
109	61	10
154	173	9
115	106	10
104	160	10
121	172	4
126	81	10
212	219	10
138	117	7
165	260	10
53	194	4
62	10	10
8	108	4
104	44	10
114	159	10
161	146	3
207	141	10
101	172	4
62	229	10
127	192	10
62	86	10
141	281	10
175	239	9
169	94	9
201	103	4
231	54	9
219	137	5
143	64	10
93	103	4
91	135	3
165	135	6
104	101	10
219	111	4
50	220	4
165	17	10
287	135	6
104	259	10
1	263	5
173	57	2
36	35	5
121	267	9
257	46	10
233	267	9
5	95	4
25	135	6
253	94	9
109	288	10
251	7	6
110	26	10
23	135	3
109	154	10
15	286	9
155	239	9
19	91	7
215	94	9
231	158	4
29	203	4
118	14	6
85	84	5
115	96	9
123	145	10
155	204	9
217	168	9
234	185	4
89	290	4
183	103	4
217	227	4
121	111	4
160	103	4
277	30	4
115	22	10
87	95	4
187	238	4
260	106	10
255	17	10
262	103	4
55	238	4
207	165	10
259	82	10
141	134	10
34	11	10
179	121	10
11	7	6
110	149	10
115	184	10
130	168	9
82	204	9
115	231	10
207	147	10
62	227	8
257	70	10
183	57	9
110	38	10
127	69	10
126	134	10
90	276	7
282	198	4
179	254	10
78	5	10
115	70	10
259	99	10
257	24	10
240	238	4
1	170	9
205	185	4
36	227	4
279	59	10
110	11	10
104	114	10
197	203	4
99	108	8
164	135	6
163	7	6
193	77	9
180	135	6
149	9	7
69	96	9
154	124	9
160	238	4
165	272	10
149	32	9
279	93	10
28	124	9
28	276	7
127	39	10
109	24	10
109	1	10
101	124	9
255	258	10
257	229	10
104	185	4
62	45	10
141	87	10
163	239	9
24	146	6
257	236	10
234	218	7
154	29	10
110	60	5
175	157	10
127	108	4
134	238	4
255	183	10
175	41	10
10	168	9
260	113	10
163	14	6
215	123	10
260	228	10
281	172	4
36	117	7
235	82	10
245	14	6
207	94	9
127	110	10
110	108	8
236	108	4
253	206	4
259	160	10
179	196	10
106	7	6
0	103	4
49	30	4
114	213	10
231	108	4
100	87	10
113	56	4
282	137	7
70	57	9
279	280	7
141	206	4
46	171	9
259	76	10
100	86	10
280	62	10
212	216	7
75	111	4
279	238	4
126	78	10
27	7	3
209	95	4
229	185	4
260	109	10
249	185	4
28	168	9
99	189	10
255	232	10
192	206	4
62	237	10
121	5	10
121	284	10
36	206	4
127	55	10
114	211	10
79	171	9
110	98	10
259	7	6
176	14	6
259	162	10
110	289	10
87	198	4
228	168	9
131	94	9
52	111	4
178	198	4
255	54	9
127	269	10
125	37	7
115	260	10
121	170	9
162	239	9
73	196	10
62	256	10
126	70	10
233	191	4
125	95	4
126	189	10
215	9	7
104	118	10
236	243	4
201	93	10
101	94	9
127	107	4
233	146	6
281	255	10
74	30	4
260	259	10
145	14	6
279	22	10
104	154	10
179	219	10
270	54	9
33	241	8
228	238	4
207	15	10
55	239	9
228	108	4
143	7	6
184	276	7
53	23	5
36	32	9
72	103	4
150	114	10
165	26	10
61	32	9
34	278	4
150	185	4
78	54	9
40	220	4
253	239	9
44	14	6
126	80	10
29	238	4
25	7	6
229	218	7
88	239	9
254	290	4
142	96	9
279	142	10
101	289	10
212	123	10
121	173	9
143	117	7
226	242	4
24	227	4
45	170	9
259	226	10
235	47	10
62	239	9
192	96	9
55	14	6
269	191	4
120	54	9
192	94	9
189	276	7
179	14	6
157	54	9
165	125	10
143	54	9
141	142	10
175	193	10
163	208	7
78	124	9
165	237	10
207	157	10
278	54	0
255	22	10
210	94	9
165	167	10
85	54	9
104	93	10
136	30	4
273	266	4
0	135	6
195	191	8
207	79	10
141	123	10
79	146	6
36	94	9
255	7	6
114	99	10
61	168	9
110	238	4
115	148	10
269	239	9
121	266	4
45	94	9
121	177	10
8	112	9
273	32	9
177	204	9
123	29	10
68	108	4
155	30	4
125	103	4
257	238	4
46	168	9
274	103	4
141	258	10
129	238	4
215	54	9
149	185	4
51	152	4
18	216	7
199	94	9
148	56	4
141	154	10
232	198	4
98	32	9
145	185	4
25	30	4
236	124	9
93	172	4
114	108	4
165	285	10
19	139	7
62	139	7
102	30	4
52	239	9
62	131	10
257	131	10
183	32	9
269	117	7
207	57	9
192	221	9
69	242	4
285	103	4
83	265	9
213	30	4
78	122	8
185	198	1
164	168	9
172	173	0
195	101	10
70	239	9
255	142	10
120	135	6
165	34	10
101	32	9
11	54	9
255	9	7
164	14	6
18	7	6
209	139	7
255	275	10
192	122	4
165	54	9
104	7	6
288	30	4
164	173	9
110	232	10
141	151	10
20	77	0
201	198	4
167	208	7
259	135	6
179	189	10
101	108	4
109	17	10
140	227	4
67	198	4
154	112	9
270	238	4
257	106	10
234	289	10
5	54	9
207	229	10
52	204	9
61	94	9
282	37	5
116	111	1
260	165	10
160	185	4
289	112	9
107	185	1
126	1	10
154	157	10
164	58	5
233	117	7
75	112	9
259	198	4
85	230	5
90	198	4
43	103	4
141	184	10
260	226	10
28	27	7
28	200	4
65	107	4
62	4	10
257	4	10
260	39	10
233	238	4
233	118	10
189	135	6
150	89	10
64	200	4
110	118	10
121	54	9
126	232	10
179	163	10
5	77	9
260	183	10
123	88	10
109	163	10
126	163	10
192	54	9
129	95	4
255	151	10
259	183	10
282	95	4
87	278	4
215	11	10
55	168	9
245	238	4
156	95	4
142	54	9
209	108	4
260	19	10
69	31	4
262	32	9
165	143	10
11	206	4
255	284	10
52	172	4
102	124	9
127	237	10
167	30	4
74	171	9
113	185	4
114	25	10
44	54	9
127	51	10
251	117	7
59	135	6
6	185	4
87	157	10
100	98	10
62	135	6
257	185	4
131	172	4
34	283	10
280	279	10
74	226	10
154	193	10
95	96	0
132	290	4
226	103	4
279	195	10
62	206	4
255	128	10
167	14	6
29	94	9
6	37	5
127	98	10
125	238	4
70	278	4
259	98	10
62	289	10
252	290	8
70	95	4
115	125	10
131	54	9
249	124	9
164	32	9
62	92	10
101	243	4
233	158	8
115	81	10
283	7	6
277	108	4
40	94	9
29	95	4
141	18	10
205	107	4
157	221	9
55	91	7
66	146	3
104	228	10
86	238	4
260	135	6
126	254	10
165	0	10
251	227	4
237	32	9
59	7	6
165	148	10
62	164	10
187	94	9
142	30	4
176	7	6
234	219	10
141	215	10
46	107	4
115	68	10
281	242	4
82	54	9
93	7	6
120	57	9
196	185	4
25	283	10
199	170	9
274	54	9
110	207	10
92	103	4
259	179	10
17	94	9
176	30	4
115	275	10
287	7	6
114	163	10
192	204	9
165	1	10
0	54	9
22	172	4
28	30	4
127	94	9
257	281	10
102	173	9
110	95	4
141	8	10
162	95	4
62	93	10
87	50	10
114	54	9
38	7	6
259	255	10
109	46	10
189	188	7
132	168	9
123	41	10
177	239	9
34	198	4
109	168	9
210	239	9
131	230	5
169	239	9
235	182	10
121	135	6
127	198	4
233	103	4
109	290	4
0	204	9
192	135	6
64	7	6
207	193	10
257	189	10
126	192	10
160	30	4
109	180	10
110	46	10
141	195	10
249	227	4
80	152	4
8	111	4
186	95	4
104	140	10
255	79	10
30	32	0
154	185	4
126	213	10
164	218	7
231	32	9
86	168	9
104	207	10
6	198	4
51	57	9
164	111	4
115	114	10
141	34	10
154	41	10
289	54	9
83	185	4
269	168	9
141	231	10
217	135	6
110	160	10
179	199	10
111	116	1
104	285	10
127	106	10
282	7	6
213	107	4
104	162	10
46	135	6
134	96	9
177	152	4
260	237	10
176	94	9
184	198	4
181	185	4
162	185	4
259	41	10
115	18	10
121	108	4
62	76	10
178	185	4
136	57	9
233	231	10
279	278	4
93	30	4
106	30	4
62	143	10
257	143	10
174	198	4
102	135	6
281	257	10
115	32	9
104	19	10
289	239	9
85	146	6
46	225	7
85	30	4
179	45	10
259	145	10
104	147	10
93	94	9
289	278	4
121	50	10
92	7	6
65	14	6
186	265	9
193	96	9
62	24	10
110	195	10
109	198	4
109	79	10
259	32	9
159	37	5
127	116	4
19	108	4
279	123	10
126	106	10
257	94	9
0	238	4
109	272	10
249	238	4
281	141	10
207	104	10
144	171	9
157	20	4
288	94	9
59	111	4
174	96	9
78	32	9
141	89	10
226	239	9
62	254	10
273	171	9
62	195	10
195	74	10
50	265	9
231	7	6
207	5	10
18	94	9
46	96	9
98	194	4
93	216	7
165	74	10
134	290	4
106	107	4
55	95	4
260	212	10
270	32	9
259	125	10
51	168	9
126	25	10
109	25	10
33	59	10
279	281	10
62	95	4
289	94	9
260	205	10
273	168	9
22	73	7
11	94	9
69	103	4
165	201	10
86	278	4
257	149	10
207	41	10
184	103	4
255	123	10
163	185	4
25	289	10
289	238	4
258	198	4
165	68	10
99	98	10
179	287	10
18	290	4
0	137	7
109	136	10
110	18	10
186	198	4
104	107	4
259	159	10
195	244	10
62	105	10
68	14	6
99	137	7
192	185	4
150	9	7
62	160	10
22	239	9
249	32	9
33	271	7
279	140	10
259	54	9
179	232	10
17	108	4
282	185	4
109	9	7
149	238	4
260	269	10
177	198	4
85	94	9
109	28	10
275	135	6
259	269	10
85	135	6
5	135	6
277	111	4
123	124	9
121	157	10
115	123	10
39	23	7
249	96	9
176	216	5
123	15	10
102	280	7
180	198	4
245	246	4
49	103	4
259	285	10
255	201	10
235	157	10
104	164	10
179	69	10
279	249	10
