5317
109	19	10
229	30	4
255	169	10
104	34	10
5	203	4
125	185	4
260	110	10
47	95	4
177	54	9
87	290	4
131	194	4
210	139	7
127	205	10
259	187	10
144	14	6
104	155	10
197	198	4
147	37	5
260	51	10
141	59	10
109	72	10
155	194	4
179	183	10
249	247	8
82	3	4
75	173	9
133	135	6
236	103	4
207	211	10
114	278	8
52	23	5
115	258	10
187	112	9
92	146	6
62	1	10
80	204	9
141	108	8
217	32	9
121	193	10
110	14	6
120	32	9
34	107	4
179	262	10
189	124	9
179	0	10
178	146	6
234	135	6
260	174	10
179	201	10
53	116	4
269	96	9
126	4	10
210	204	9
88	77	9
51	56	4
53	238	4
98	97	7
235	15	10
209	185	4
180	32	9
207	82	10
273	242	4
260	180	10
38	117	7
113	108	4
74	79	10
272	30	4
29	77	9
105	30	4
0	37	5
15	137	7
125	290	4
2	204	9
167	227	4
132	30	4
177	94	9
36	238	4
255	231	10
34	218	7
197	188	7
257	213	10
79	14	6
45	290	4
59	103	4
149	239	9
189	30	4
99	70	10
46	32	9
8	54	9
127	187	10
236	191	4
38	94	9
259	74	10
184	23	5
70	111	4
275	238	4
109	147	10
53	204	9
165	151	10
163	112	9
167	290	4
199	32	9
28	32	9
279	227	8
215	7	6
229	216	7
19	185	4
131	111	4
165	70	10
255	121	10
255	219	10
259	50	10
109	34	10
110	185	4
0	32	9
127	162	10
279	10	10
264	94	9
82	122	4
159	135	6
195	271	7
164	30	4
240	239	9
174	185	4
209	54	9
155	116	4
154	56	4
149	14	6
101	70	10
275	239	9
209	198	4
156	238	4
2	265	9
287	227	4
207	40	10
55	242	4
245	95	4
140	290	4
179	209	10
109	107	4
257	249	10
285	290	4
257	39	10
253	126	5
136	56	4
252	239	9
110	258	10
126	52	10
6	54	9
142	239	9
34	108	4
132	63	7
101	86	10
196	108	4
121	240	10
120	111	4
270	103	4
10	214	4
127	234	10
104	28	10
207	143	10
140	32	9
19	239	9
279	259	10
62	258	10
288	290	4
47	135	6
252	54	9
115	59	10
207	76	10
257	68	10
126	50	10
101	170	9
127	189	10
165	86	10
132	96	9
195	269	10
110	103	4
127	125	10
109	96	9
279	81	10
279	237	10
114	109	10
157	203	4
131	108	4
140	117	7
109	134	10
79	30	4
70	116	4
46	139	7
70	238	4
219	206	4
259	205	10
110	264	10
46	242	4
231	214	4
2	203	4
260	90	10
25	214	8
110	205	10
105	135	6
44	32	9
279	184	10
165	283	10
280	258	10
29	37	5
13	103	4
83	188	7
165	123	10
121	52	10
226	243	4
288	54	9
114	173	9
2	238	4
45	42	7
207	257	10
49	32	9
257	7	6
70	139	7
164	9	7
19	71	7
165	137	7
65	200	4
279	33	10
148	103	4
165	78	10
101	189	10
192	14	6
285	7	6
6	135	6
118	94	9
136	108	4
78	135	6
252	37	5
176	202	9
104	217	10
123	198	4
257	287	10
199	23	7
242	170	0
211	221	9
101	78	10
136	290	4
59	112	9
179	146	6
8	57	9
129	239	9
155	112	9
43	135	6
260	123	10
52	276	7
115	120	10
39	242	4
151	168	9
65	185	4
233	94	9
105	146	6
131	276	7
279	108	8
153	186	10
114	215	10
260	98	10
222	117	7
110	1	10
26	116	4
260	168	9
73	226	10
144	243	4
207	168	9
163	71	7
165	109	10
199	108	4
143	30	4
163	290	4
80	146	6
104	239	9
245	198	4
273	94	9
158	54	0
219	94	9
85	223	7
104	256	10
215	219	10
165	284	10
250	7	3
235	29	10
236	111	4
118	278	4
141	140	10
288	56	4
123	168	9
75	238	4
169	238	4
259	197	10
163	206	4
197	185	4
126	40	10
115	151	10
143	108	4
255	251	10
255	133	10
74	290	4
62	217	10
115	132	10
115	74	10
22	173	9
101	30	4
109	167	10
177	286	9
22	135	6
68	111	4
104	198	4
138	30	4
11	290	4
259	116	4
157	96	9
210	95	4
269	58	5
76	111	4
26	30	4
72	290	4
196	290	4
209	268	4
260	46	10
255	114	10
76	168	9
62	18	10
115	76	10
279	269	10
133	116	4
257	78	10
254	172	4
141	70	10
109	53	10
211	135	6
51	185	4
279	87	10
257	95	4
181	203	4
114	70	10
127	113	10
259	209	10
255	38	10
61	108	4
101	267	9
72	14	6
257	199	10
178	107	4
270	185	4
87	83	10
62	262	10
259	106	10
279	272	10
290	54	0
104	233	10
192	152	4
272	168	9
80	220	4
211	220	4
5	286	9
115	86	10
141	79	10
144	168	9
260	254	10
179	285	10
184	95	4
88	95	4
285	58	5
207	4	10
1	198	4
259	40	10
136	94	9
141	144	10
235	145	10
141	102	10
70	214	4
252	198	4
127	232	10
288	203	4
18	238	4
207	29	10
269	17	10
101	173	9
60	7	3
255	131	10
257	289	10
154	192	10
109	44	10
287	56	4
259	143	10
62	142	10
141	38	10
288	112	9
175	182	10
133	124	9
251	124	9
258	108	4
27	146	3
127	141	10
165	198	4
165	28	10
19	290	4
133	94	9
251	94	9
98	116	4
255	136	10
253	7	6
127	109	10
162	238	4
80	238	4
209	146	6
93	146	6
109	217	10
272	32	9
207	52	10
279	38	10
44	171	9
141	43	10
148	57	9
5	265	9
62	34	10
249	103	4
139	146	3
154	170	9
259	113	10
170	171	2
53	94	9
82	286	9
215	289	10
142	168	9
130	198	4
257	258	10
281	245	10
207	187	10
234	239	9
110	239	9
61	146	6
279	131	10
165	120	10
115	95	4
19	14	6
104	10	10
126	69	10
281	99	10
235	2	10
179	36	10
256	124	9
102	94	9
283	227	4
62	78	10
213	239	9
259	185	4
207	115	10
279	60	5
100	123	10
156	203	4
0	116	4
133	57	9
251	57	9
123	239	9
56	172	1
106	103	4
249	116	4
155	94	9
226	108	4
82	220	4
281	56	4
1	267	9
126	5	10
123	238	4
253	9	7
115	46	10
83	77	9
85	103	4
281	258	10
179	24	10
164	54	9
44	42	7
234	107	4
215	78	10
98	111	4
195	226	10
260	7	6
187	135	6
160	108	4
153	51	10
62	128	10
87	238	4
255	260	10
79	243	4
165	105	10
179	276	7
215	283	10
110	163	10
69	243	4
207	113	10
153	192	10
222	14	6
192	286	9
165	207	10
195	266	8
207	179	10
82	239	9
110	287	10
126	88	10
109	30	4
213	135	6
145	198	4
59	54	9
179	43	10
155	54	9
279	198	4
282	96	9
259	130	10
212	70	10
65	23	7
201	124	9
18	185	4
99	123	10
102	168	9
279	4	10
34	123	10
233	95	4
126	212	10
65	198	4
285	168	9
136	112	9
225	14	3
260	25	10
76	108	4
115	159	10
87	96	9
114	175	10
125	239	9
259	233	10
216	14	3
199	185	4
179	217	10
270	94	9
275	30	4
282	87	10
104	129	10
78	173	9
59	172	4
281	32	9
192	3	4
176	290	4
69	116	4
255	101	10
80	54	9
259	83	10
126	142	10
257	76	10
104	18	10
104	176	10
74	185	4
281	187	10
0	173	9
164	146	6
183	14	6
179	272	10
210	54	9
196	191	4
143	185	4
89	206	4
279	215	10
287	168	9
179	144	10
89	238	4
36	103	4
279	233	10
156	198	4
109	178	10
279	260	10
99	37	5
217	7	6
260	282	10
65	54	9
279	258	10
115	236	10
205	146	6
109	254	10
126	269	10
24	135	6
19	146	6
259	139	7
231	172	4
175	94	9
279	72	10
78	30	4
196	32	9
252	107	4
177	95	4
113	239	9
236	173	9
236	227	4
215	36	10
260	285	10
34	87	10
84	14	3
83	14	6
86	95	4
229	32	9
260	94	9
62	79	10
50	221	9
257	288	10
80	94	9
228	14	6
142	135	6
279	287	10
201	14	6
235	211	10
104	151	10
121	83	10
17	135	6
163	194	4
26	57	9
224	208	7
153	145	10
36	116	4
195	1	10
0	112	9
179	289	10
187	111	4
147	103	4
176	198	4
212	98	10
98	14	6
28	112	9
288	204	9
165	189	10
165	205	10
218	7	3
141	93	10
127	86	10
53	32	9
244	170	9
178	126	5
166	14	3
53	103	4
167	32	9
269	185	4
257	61	10
165	134	10
115	10	10
259	104	10
159	117	7
255	118	10
184	238	4
159	58	5
5	152	4
252	251	10
255	143	10
151	32	9
269	171	9
236	170	9
237	135	6
132	146	6
205	54	9
154	290	4
110	102	10
106	239	9
61	290	4
141	217	10
259	290	4
65	202	9
102	202	9
165	76	10
61	112	9
149	91	7
85	32	9
110	78	10
69	112	9
153	29	10
114	62	10
165	227	8
175	5	10
289	71	7
260	172	4
184	7	6
279	144	10
273	243	4
74	91	7
92	290	4
109	276	7
280	222	10
88	135	6
279	79	10
52	203	4
281	94	9
257	215	10
34	231	10
74	266	8
179	185	4
157	95	4
160	190	9
235	41	10
279	37	5
79	185	4
166	146	3
165	273	10
255	229	10
257	92	10
62	68	10
110	92	10
62	209	10
109	137	7
109	114	10
2	146	6
279	143	10
205	263	7
69	108	4
104	290	8
109	160	10
79	198	4
257	72	10
175	111	4
155	103	4
9	7	3
110	69	10
130	146	6
145	204	9
209	239	9
281	124	9
141	113	10
94	54	2
104	262	10
79	267	9
260	252	10
279	89	10
222	238	4
215	209	10
62	74	10
179	94	9
207	232	10
104	183	10
8	172	4
2	14	6
62	226	10
2	239	9
43	94	9
114	32	9
207	116	4
62	17	10
121	190	9
259	213	10
279	18	10
207	124	9
143	239	9
127	285	10
45	168	9
113	9	7
154	108	4
175	278	4
74	108	4
193	238	4
55	170	9
150	107	4
104	138	10
134	191	4
277	112	9
29	220	4
115	139	7
109	184	10
155	135	6
114	78	10
165	239	9
55	32	9
259	69	10
85	7	6
153	182	10
38	146	6
279	159	10
157	185	4
110	55	10
279	24	10
61	30	4
184	14	6
259	175	10
127	245	10
127	159	10
244	266	4
127	82	10
2	137	7
109	120	10
28	94	9
113	54	9
282	123	10
110	262	10
167	117	7
62	75	10
62	169	10
127	160	10
47	94	9
179	53	10
260	253	10
257	96	9
24	116	4
50	137	7
59	241	4
69	171	9
199	239	9
46	170	9
255	273	10
270	124	9
46	243	4
110	87	10
25	95	4
50	135	6
257	264	10
256	54	9
175	227	4
259	282	10
104	17	10
254	30	4
115	98	10
78	172	4
264	135	6
126	180	10
195	135	6
87	214	4
34	118	10
233	271	7
125	30	4
120	146	6
69	168	9
281	67	10
145	96	9
285	135	6
120	30	4
80	77	9
141	105	10
63	146	3
212	137	7
76	185	4
259	192	10
259	112	9
62	69	10
141	11	10
129	103	4
235	193	10
33	7	6
115	216	7
44	7	6
236	267	9
125	108	4
163	278	4
222	200	4
141	178	10
213	7	6
256	32	9
226	185	4
193	135	6
115	205	10
260	181	10
57	173	2
259	199	10
176	103	4
237	171	9
62	159	10
11	124	9
142	32	9
201	133	10
237	30	4
86	135	6
99	290	8
127	6	10
59	290	4
142	238	4
15	206	4
175	124	9
141	227	8
149	54	9
109	264	10
257	134	10
78	96	9
156	96	9
261	146	3
179	79	10
132	54	9
59	146	6
78	88	10
179	113	10
165	127	10
78	41	10
141	149	10
102	108	4
28	23	7
121	32	9
18	124	9
225	135	3
179	147	10
79	91	7
165	93	10
201	108	4
62	219	10
104	45	10
179	288	10
62	59	10
212	214	8
70	32	9
264	32	9
155	124	9
18	202	9
11	36	10
126	209	10
101	135	6
61	57	9
287	57	9
279	155	10
127	184	10
121	56	4
56	57	0
98	153	5
165	217	10
144	290	4
207	80	10
62	94	9
201	30	4
165	95	4
178	200	4
255	256	10
289	168	9
82	265	9
115	273	10
236	290	4
109	93	10
155	200	4
62	270	10
127	156	10
65	239	9
142	103	4
74	267	9
126	76	10
228	117	7
209	107	4
127	111	4
196	267	9
165	59	10
252	185	4
179	162	10
157	135	6
131	23	5
45	171	9
277	124	9
115	36	10
134	95	4
62	148	10
26	103	4
159	35	5
234	98	10
222	168	9
62	175	10
46	37	7
207	112	9
114	229	10
175	96	9
193	91	7
154	5	10
28	56	4
86	32	9
232	30	4
259	244	10
104	110	10
100	189	10
120	56	4
34	36	10
109	228	10
110	270	10
65	117	7
187	14	6
271	146	3
141	72	10
193	188	7
179	140	10
110	183	10
6	9	7
83	135	6
203	204	0
88	153	7
118	30	4
215	35	5
110	132	10
15	185	4
187	124	9
257	198	4
259	57	9
149	202	9
61	227	4
62	43	10
10	103	4
165	101	10
140	146	6
114	168	9
104	274	10
282	114	10
165	39	10
109	231	10
260	182	10
127	25	10
234	54	9
102	116	4
264	227	4
115	121	10
226	96	9
149	94	9
275	94	9
127	80	10
165	91	7
127	258	10
109	22	10
114	233	10
93	168	9
149	56	4
183	290	4
255	280	5
249	267	9
187	16	7
165	251	10
165	133	10
62	185	4
62	22	10
280	64	10
283	111	4
133	103	4
26	203	4
251	103	4
255	155	10
141	96	9
165	287	10
43	54	9
127	177	10
212	114	10
187	95	4
90	185	4
121	290	4
34	137	7
260	184	10
110	37	5
210	198	4
184	146	6
186	137	5
215	87	10
104	159	10
257	231	10
49	268	4
1	190	9
98	185	4
154	263	7
198	185	1
164	239	9
126	82	10
237	168	9
114	253	10
2	91	7
106	290	4
83	96	9
131	185	4
127	142	10
28	111	4
110	274	10
160	32	9
140	108	4
159	137	7
104	113	10
282	219	10
273	30	4
126	125	10
40	185	4
141	272	10
64	168	9
85	168	9
123	54	9
26	173	9
260	32	9
183	116	4
257	259	10
219	135	6
92	227	4
179	95	4
18	116	4
62	87	10
279	43	10
279	183	10
133	238	4
240	265	9
53	124	9
61	54	9
123	211	10
287	290	4
181	122	4
1	14	6
256	103	4
279	262	10
114	279	10
179	105	10
217	30	4
165	226	10
240	14	6
249	111	4
134	91	7
259	150	10
76	116	4
178	32	9
259	51	10
277	94	9
149	108	4
252	238	4
115	127	10
283	14	6
280	255	10
187	12	7
259	81	10
259	237	10
141	271	7
104	244	10
201	135	6
232	290	4
189	139	7
260	36	10
160	290	4
180	116	4
15	96	9
192	77	9
285	241	8
126	147	10
110	75	10
110	169	10
244	54	9
34	30	4
160	191	4
259	257	10
189	111	4
159	118	10
176	239	9
199	242	4
71	135	3
55	30	4
150	14	6
149	30	4
109	91	7
127	120	10
257	109	10
212	7	6
249	29	10
65	238	4
165	139	7
179	231	10
260	275	10
175	290	4
62	114	10
192	265	9
102	7	6
283	116	4
22	96	9
50	54	9
260	244	10
40	265	9
195	69	10
229	238	4
259	33	10
176	57	9
36	214	4
232	94	9
62	151	10
229	107	4
228	54	9
165	106	10
183	238	4
104	136	10
59	108	4
179	138	10
255	262	10
51	30	4
257	79	10
133	111	4
251	111	4
259	87	10
126	132	10
259	259	10
143	95	4
207	117	7
179	227	8
11	168	9
133	112	9
251	112	9
49	137	5
148	200	4
74	94	9
1	225	7
179	143	10
157	94	9
99	280	7
134	54	9
145	137	7
131	146	6
147	238	4
207	51	10
163	137	5
201	185	4
237	290	4
175	50	10
154	80	10
165	53	10
280	7	3
55	96	9
115	101	10
69	191	4
62	166	7
82	185	4
109	75	10
109	169	10
110	209	10
279	78	10
109	201	10
70	185	4
274	168	9
115	44	10
134	146	6
165	72	10
257	87	10
109	149	10
254	239	9
226	171	9
62	163	10
88	265	9
255	92	10
44	108	4
179	264	10
165	184	10
236	30	4
62	96	9
196	103	4
254	57	9
160	96	9
121	124	9
70	100	7
141	39	10
270	108	4
257	43	10
178	139	7
269	266	4
86	208	7
141	155	10
19	96	9
232	54	9
55	135	6
260	15	10
1	96	9
131	202	9
226	32	9
110	159	10
289	198	4
222	202	9
62	274	10
141	132	10
257	102	10
105	56	4
90	94	9
114	7	6
235	186	10
129	198	4
127	186	10
279	109	10
69	238	4
127	182	10
87	54	9
179	148	10
110	229	10
212	185	4
99	227	8
49	168	9
127	275	10
141	69	10
165	19	10
259	79	10
110	151	10
76	194	4
255	206	4
209	117	7
165	147	10
179	93	10
181	206	4
272	103	4
260	249	10
165	55	10
147	227	4
281	190	9
255	46	10
226	190	9
130	271	7
175	83	10
104	8	10
2	77	9
249	243	4
180	112	9
127	22	10
70	20	8
104	251	10
104	133	10
118	54	9
259	1	10
50	3	4
115	37	5
207	192	10
83	137	5
127	95	8
75	194	4
249	190	9
178	7	6
226	94	9
52	94	9
131	57	9
98	206	4
257	219	10
199	166	7
67	14	6
38	103	4
115	219	10
272	135	6
143	112	9
15	135	6
207	25	10
235	80	10
259	95	4
148	111	4
109	207	10
233	37	5
115	207	10
145	286	9
79	238	4
236	57	9
262	267	9
70	137	7
193	14	6
34	219	10
122	77	0
109	249	10
55	7	6
164	139	7
117	7	3
115	244	10
207	181	10
165	87	10
148	198	4
104	75	10
165	25	10
62	260	10
104	201	10
90	14	6
104	0	10
22	198	4
70	96	9
93	116	4
226	23	7
212	95	4
27	135	3
207	81	10
155	202	9
279	25	10
244	242	4
285	96	9
245	239	9
281	135	6
234	94	9
145	71	7
181	135	6
121	47	10
155	185	4
179	155	10
222	239	9
37	146	3
110	167	10
133	139	7
179	39	10
104	272	10
159	96	9
120	239	9
214	54	0
165	175	10
39	276	7
22	7	6
213	94	9
89	54	9
257	37	5
141	264	10
233	266	4
140	30	4
127	32	9
150	289	10
104	69	10
109	285	10
255	236	10
79	103	4
1	73	7
167	54	9
207	19	10
15	122	4
207	253	10
260	56	4
78	57	9
110	198	4
126	145	10
115	113	10
50	96	9
132	95	4
110	30	4
87	193	10
226	168	9
8	30	4
29	185	4
79	190	9
67	239	9
12	14	3
159	103	4
253	30	4
104	131	10
212	35	5
193	198	4
62	101	10
110	128	10
207	183	10
260	189	10
255	228	10
229	198	4
130	96	9
254	56	4
90	32	9
129	30	4
126	129	10
22	30	4
137	135	3
127	249	10
61	56	4
2	100	7
133	202	9
140	14	6
43	227	4
74	266	4
127	34	10
2	221	9
123	94	9
113	95	4
197	137	5
229	54	9
154	2	10
83	286	9
0	108	4
99	142	10
273	135	6
254	198	4
6	95	4
259	2	10
196	242	4
159	239	9
22	185	4
141	277	10
257	275	10
179	11	10
179	166	7
53	290	4
110	260	10
213	108	4
104	270	10
275	32	9
53	137	5
115	274	10
75	116	4
109	59	10
34	289	10
154	51	10
26	32	9
141	229	10
189	137	7
69	239	9
255	147	10
269	267	9
115	17	10
53	111	4
229	95	4
288	108	4
83	94	9
42	146	3
289	202	9
99	185	4
179	68	10
110	7	6
262	198	4
98	239	9
19	32	9
133	198	4
127	254	10
273	146	6
109	131	10
237	227	4
115	55	10
93	56	4
26	172	4
160	161	7
70	108	4
175	108	4
144	7	6
153	189	10
62	196	10
273	54	9
131	116	4
163	108	4
211	203	4
189	95	4
253	96	9
279	74	10
91	146	3
215	278	4
141	198	4
115	128	10
43	32	9
282	135	6
279	135	6
40	96	9
104	260	10
104	226	10
259	129	10
52	30	4
197	94	9
252	250	5
259	36	10
234	139	7
78	181	10
109	128	10
141	219	10
245	30	4
255	281	10
279	162	10
165	92	10
39	185	4
269	30	4
90	168	9
269	268	8
126	135	3
127	117	7
49	94	9
51	94	9
109	55	10
259	78	10
210	265	9
98	135	6
154	172	4
262	190	9
257	205	10
211	239	9
109	0	10
179	38	10
18	30	4
269	231	10
3	77	0
157	220	4
115	25	10
109	284	10
269	108	4
164	124	9
110	142	10
244	191	4
123	122	8
257	132	10
44	242	4
260	290	4
183	94	9
126	255	10
275	95	4
279	176	10
279	147	10
275	185	4
114	257	10
255	68	10
205	94	9
165	71	7
133	30	4
251	30	4
126	252	10
207	56	4
255	137	7
165	96	9
159	168	9
80	203	4
92	32	9
40	238	4
277	271	7
110	226	10
127	253	10
154	57	9
61	60	7
176	54	9
2	206	4
260	76	10
288	146	6
131	173	9
110	22	10
259	27	5
196	266	4
255	74	10
39	94	9
76	54	9
283	71	7
279	39	10
179	251	10
179	133	10
260	14	6
195	233	10
228	95	4
283	198	4
255	226	10
129	216	7
160	267	9
141	130	10
207	290	4
74	146	6
257	38	10
36	111	4
270	194	4
277	116	4
138	94	9
82	152	4
110	131	10
123	112	9
104	128	10
126	183	10
88	286	9
260	89	10
159	198	4
270	206	4
259	163	10
47	198	4
279	68	10
179	70	10
260	86	10
257	273	10
153	2	10
176	238	4
213	60	5
255	96	9
75	135	6
169	135	6
251	230	5
28	198	4
176	124	9
36	290	4
181	198	4
10	290	4
257	81	10
257	237	10
207	145	10
242	243	1
190	267	2
126	19	10
51	14	6
257	44	10
6	216	7
217	94	9
216	135	3
141	280	7
70	94	9
47	203	4
150	98	10
75	200	4
40	286	9
45	135	6
120	96	9
254	9	7
257	123	10
201	94	9
62	290	8
259	124	9
62	102	10
123	30	4
8	56	4
127	146	6
277	290	4
237	239	9
86	227	4
205	95	4
104	59	10
153	181	10
50	239	9
109	103	4
207	55	10
159	94	9
34	216	7
29	221	9
62	273	10
233	198	4
115	270	10
154	191	4
255	55	10
209	238	4
287	54	9
61	116	4
224	168	9
279	9	7
179	9	7
58	146	3
104	284	10
257	33	10
180	54	9
86	290	4
160	14	6
133	173	9
251	173	9
45	242	4
141	269	10
178	238	4
126	181	10
98	227	4
201	116	4
259	274	10
38	32	9
176	200	4
283	290	4
83	91	7
260	157	10
22	107	4
255	39	10
123	290	4
197	20	4
150	278	4
165	176	10
163	96	9
279	148	10
260	125	10
215	175	10
115	154	10
75	290	4
90	95	4
141	251	10
141	133	10
110	121	10
17	227	4
130	94	9
189	108	4
141	287	10
62	130	10
104	144	10
127	124	9
195	168	9
53	57	9
101	57	9
255	159	10
123	206	4
44	135	6
75	32	9
169	32	9
28	135	6
165	232	10
69	185	4
73	79	10
279	251	10
279	133	10
209	103	4
136	173	9
282	206	4
110	59	10
87	29	10
109	176	10
70	168	9
205	290	4
126	79	10
215	118	10
0	185	4
279	264	10
110	72	10
104	106	10
115	289	10
141	148	10
279	175	10
176	173	9
260	115	10
269	243	4
115	69	10
151	117	7
179	106	10
255	59	10
150	238	4
257	290	8
280	209	10
78	192	10
104	229	10
253	14	6
26	111	4
144	94	9
141	61	10
165	36	10
207	244	10
142	271	7
207	285	10
64	146	6
177	220	4
105	172	4
69	30	4
215	218	7
6	206	4
126	36	10
260	199	10
193	286	9
249	54	9
34	103	4
62	259	10
211	20	4
259	173	9
275	108	4
205	168	9
281	116	4
159	95	4
197	238	4
142	290	4
255	185	4
126	275	10
62	178	10
132	103	4
172	56	1
131	112	9
109	14	6
109	256	10
62	37	5
34	37	5
255	148	10
62	33	10
115	30	4
258	54	9
207	249	10
255	175	10
236	3	8
62	269	10
260	30	4
8	227	4
111	112	0
141	128	10
255	272	10
189	71	7
115	239	9
199	14	6
55	243	4
189	32	9
282	126	5
99	7	6
257	101	10
224	94	9
110	127	10
288	57	9
104	24	10
1	30	4
196	243	4
62	251	10
6	103	8
76	103	4
141	131	10
82	221	9
141	68	10
207	134	10
257	25	10
269	118	10
255	217	10
276	7	3
160	239	9
257	107	4
279	53	10
207	189	10
213	32	9
109	216	7
109	206	4
201	168	9
207	156	10
215	290	4
264	103	4
90	7	6
210	96	9
86	48	5
126	51	10
222	278	4
255	278	4
195	30	4
176	111	4
189	153	5
215	32	9
74	191	8
39	108	4
151	108	4
129	146	6
120	173	9
113	57	9
26	194	4
259	47	10
150	219	10
104	209	10
109	229	10
133	200	4
39	30	4
184	30	4
141	36	10
193	95	4
260	4	10
151	30	4
36	135	6
145	239	9
141	238	4
114	150	10
130	14	6
207	162	10
46	91	7
62	38	10
120	185	4
114	189	10
110	114	10
151	54	9
258	95	4
126	162	10
104	54	9
193	3	4
212	96	9
99	89	10
215	95	4
0	124	9
141	175	10
88	203	4
148	239	9
241	54	0
62	109	10
29	286	9
175	80	10
1	54	9
232	96	9
33	231	10
165	270	10
34	139	7
160	94	9
141	244	10
87	177	10
102	185	4
106	108	4
109	258	10
254	218	5
165	128	10
255	19	10
285	198	4
113	172	4
272	227	4
127	52	10
53	200	4
248	29	10
22	14	6
259	270	10
11	159	10
62	53	10
104	213	10
283	194	4
61	135	6
279	217	10
114	234	10
231	268	4
125	32	9
229	231	10
219	7	6
275	23	7
110	70	10
1	146	6
208	14	3
141	0	10
102	239	9
114	87	10
211	122	4
24	54	9
109	105	10
121	155	10
164	57	9
132	238	4
127	90	10
114	135	6
62	136	10
244	198	4
46	71	7
175	168	9
141	183	10
127	174	10
207	275	10
234	283	10
269	271	7
131	56	4
80	96	9
110	140	10
1	171	9
141	289	10
86	108	4
109	189	10
84	7	3
114	255	10
165	160	10
115	136	10
207	36	10
109	269	10
289	206	4
79	94	9
154	182	10
179	226	10
126	244	10
59	168	9
121	156	10
221	286	2
149	37	5
254	32	9
134	168	9
229	239	9
101	175	10
279	128	10
143	103	4
13	168	9
232	32	9
155	111	4
138	7	6
187	54	9
179	120	10
189	14	6
104	232	10
46	266	4
101	7	6
184	239	9
110	33	10
18	239	9
80	265	9
46	267	9
257	130	10
169	198	4
260	95	8
22	57	9
80	263	7
6	276	7
245	96	9
254	238	4
213	276	7
24	111	4
249	135	6
104	127	10
72	135	6
104	196	10
121	80	10
53	239	9
244	243	4
62	176	10
148	54	9
240	54	9
259	215	10
148	116	4
179	72	10
70	290	4
255	233	10
115	61	10
279	274	10
110	125	10
272	290	4
159	238	4
131	290	4
127	290	4
179	132	10
209	214	4
31	77	0
127	212	10
142	108	4
287	32	9
92	168	9
26	112	9
92	30	4
226	266	4
127	29	10
22	146	6
150	54	9
102	9	7
175	181	10
109	18	10
104	4	10
110	259	10
189	137	5
46	191	4
120	108	4
147	108	4
115	167	10
257	105	10
167	103	4
255	277	10
181	220	4
62	98	10
255	134	10
179	114	10
194	116	1
104	120	10
101	116	4
115	176	10
201	283	10
99	95	4
154	152	8
178	119	5
101	227	4
141	45	10
39	198	4
143	37	5
255	274	10
282	36	10
109	95	4
75	57	9
38	124	9
189	185	4
70	56	4
184	290	4
51	95	4
33	96	9
153	211	10
257	154	10
165	89	10
141	143	10
85	57	9
45	243	4
201	178	10
279	199	10
87	82	10
104	39	10
118	268	4
110	213	10
176	172	4
115	285	10
62	46	10
80	276	7
234	238	4
277	168	9
186	77	9
53	168	9
257	227	8
22	168	9
105	290	4
143	14	6
148	238	4
141	138	10
115	137	7
257	269	10
235	192	10
67	7	6
289	124	9
205	239	9
110	281	10
165	144	10
22	91	7
229	118	10
28	108	4
127	112	9
143	238	4
196	170	9
260	141	10
249	95	4
287	108	4
199	30	4
279	277	10
109	205	10
196	14	6
141	274	10
109	232	10
255	113	10
257	55	10
54	94	2
189	168	9
150	94	9
179	28	10
279	167	10
127	19	10
259	132	10
141	25	10
279	209	10
175	88	10
126	2	10
134	30	4
207	108	4
126	87	10
257	114	10
97	14	3
281	278	8
178	30	4
141	37	5
186	139	7
233	30	4
153	157	10
219	32	9
39	188	7
207	198	4
50	286	9
26	238	4
118	108	4
2	185	4
16	135	3
179	8	10
62	149	10
259	62	10
91	7	3
259	165	10
274	135	6
47	204	9
126	33	10
88	204	9
155	173	9
104	281	10
258	246	4
260	211	10
194	112	0
34	95	4
259	89	10
78	185	4
109	39	10
165	9	7
132	7	6
257	195	10
277	227	4
109	183	10
113	94	9
36	198	4
87	88	10
88	185	4
189	146	6
201	26	10
181	238	4
104	26	10
141	239	9
87	41	10
100	70	10
249	170	9
144	271	7
126	123	10
237	95	4
72	168	9
53	108	4
98	95	4
25	108	4
118	135	6
65	7	6
143	94	9
141	270	10
163	54	9
126	110	10
244	171	9
62	278	4
62	140	10
1	242	4
39	32	9
145	95	4
235	88	10
114	289	10
157	77	9
259	172	4
114	50	10
104	125	10
2	139	7
22	23	7
218	135	3
62	36	10
260	233	10
133	91	7
279	113	10
262	30	4
165	274	10
279	75	10
279	169	10
217	290	4
195	146	6
205	103	4
186	3	4
67	278	4
149	71	7
62	162	10
222	94	9
259	181	10
98	96	9
269	190	9
213	37	5
288	173	9
212	9	7
196	54	9
251	108	4
127	211	10
169	27	7
115	238	4
5	3	4
282	289	10
183	111	4
115	0	10
114	110	10
110	120	10
195	154	10
207	205	10
115	199	10
104	143	10
104	115	10
115	26	10
47	96	9
189	152	4
34	238	4
120	198	4
283	278	4
50	204	9
189	116	4
174	14	6
47	54	9
177	139	7
165	264	10
141	76	10
113	14	6
205	238	4
213	96	9
201	28	10
162	14	6
197	3	4
87	182	10
83	221	9
45	7	6
22	56	4
279	94	9
279	254	10
258	23	7
183	30	4
179	92	10
115	138	10
114	123	10
255	215	10
260	103	4
279	69	10
109	138	10
46	290	4
207	186	10
162	94	9
75	54	9
101	117	7
159	185	4
2	71	7
240	203	4
127	103	4
1	103	4
62	281	10
141	86	10
90	23	5
224	103	4
227	54	0
237	170	9
283	168	9
269	209	10
22	216	5
275	168	9
55	146	6
118	290	4
148	124	9
62	285	10
87	192	10
69	94	9
259	111	4
234	137	7
260	79	10
68	116	4
260	179	10
157	137	7
76	137	5
165	185	4
157	152	4
113	238	4
110	32	9
285	32	9
141	288	10
82	203	4
22	94	9
136	116	4
255	69	10
18	198	4
39	263	7
40	54	9
123	182	10
259	240	10
127	46	10
189	23	7
245	168	9
126	199	10
38	14	6
79	32	9
87	208	7
244	168	9
140	135	6
106	238	4
123	214	4
132	239	9
285	209	10
110	256	10
179	89	10
279	283	10
109	238	4
5	20	4
70	198	4
125	14	6
62	249	10
74	103	4
148	290	4
269	290	4
22	108	4
199	168	9
210	185	4
40	204	9
207	39	10
257	164	10
69	54	9
151	135	6
164	56	4
262	108	4
255	207	10
62	205	10
256	108	4
65	58	5
260	240	10
88	96	9
260	210	10
280	141	10
88	94	9
110	24	10
62	180	10
270	30	4
142	185	4
0	30	4
179	123	10
279	236	10
62	11	10
145	203	4
280	67	10
269	95	4
260	112	9
147	185	4
187	223	5
151	227	4
189	7	6
28	173	9
178	239	9
43	168	9
72	30	4
181	95	4
121	145	10
8	173	9
207	185	4
255	270	10
260	104	10
147	94	9
174	71	7
156	265	9
141	53	10
60	14	3
175	95	4
279	232	10
51	111	4
148	173	9
282	283	10
260	5	10
26	139	7
110	135	6
280	257	10
120	14	6
255	102	10
259	46	10
255	108	8
141	213	10
17	30	4
44	94	9
127	240	10
109	219	10
34	94	9
229	103	4
115	201	10
165	33	10
101	87	10
110	233	10
40	276	7
99	54	9
228	37	5
90	96	9
131	30	4
257	254	10
5	198	4
126	113	10
149	146	6
143	290	4
150	206	4
110	217	10
121	82	10
11	103	4
255	283	10
114	56	4
281	243	4
168	32	2
15	265	9
259	5	10
236	168	9
141	74	10
175	145	10
109	159	10
232	95	4
167	135	6
52	168	9
262	170	9
134	94	9
264	117	7
272	117	7
93	198	4
106	96	9
110	36	10
98	276	7
52	112	9
51	71	7
279	256	10
282	227	8
196	94	9
102	103	4
257	180	10
34	135	6
131	9	7
249	266	4
120	116	4
141	167	10
5	94	9
233	54	9
181	221	9
179	260	10
254	95	4
104	103	8
22	71	7
80	185	4
155	290	4
38	56	4
244	108	4
192	220	4
115	262	10
179	55	10
148	108	4
6	30	4
104	238	4
36	185	4
45	108	4
269	112	9
104	68	10
26	202	9
179	215	10
64	185	4
163	94	9
279	55	10
18	54	9
215	37	5
93	54	9
255	259	10
275	198	4
99	238	4
25	137	7
255	87	10
207	46	10
244	32	9
133	172	4
251	172	4
33	135	6
234	70	10
109	148	10
279	284	10
207	279	10
282	98	10
259	103	4
114	34	10
281	279	10
233	242	4
78	177	10
104	96	9
53	185	4
255	70	10
140	7	6
130	30	4
25	185	4
219	214	4
131	7	6
120	94	9
213	139	7
143	65	10
255	33	10
207	212	10
155	137	7
132	58	5
82	94	9
179	256	10
165	164	10
42	14	3
195	281	10
115	38	10
34	60	5
106	32	9
89	95	4
97	135	3
52	198	4
141	176	10
104	46	10
280	135	3
33	118	10
144	170	9
74	242	4
252	7	6
82	135	6
251	214	4
256	112	9
222	30	4
183	54	9
114	290	4
74	239	9
53	139	7
127	2	10
157	239	9
90	54	9
233	185	4
215	103	4
264	290	4
281	266	4
114	212	10
149	200	4
104	135	6
117	146	3
109	275	10
131	124	9
109	162	10
39	54	9
62	264	10
138	135	6
110	58	5
279	289	10
183	276	7
289	14	6
115	209	10
115	288	10
114	219	10
88	220	4
127	129	10
34	9	7
109	86	10
201	56	4
109	68	10
25	94	9
76	290	4
226	30	4
232	168	9
25	96	9
141	163	10
2	198	4
258	96	9
201	164	10
127	54	9
75	139	7
40	239	9
68	54	9
110	4	10
127	165	10
260	69	10
98	23	7
213	168	9
93	238	4
73	14	3
110	154	10
236	190	9
155	32	9
118	241	4
59	32	9
279	228	10
104	74	10
114	137	7
237	243	4
255	109	10
110	86	10
13	208	7
1	239	9
200	202	0
163	91	7
150	70	10
280	99	10
257	162	10
33	95	4
222	32	9
115	45	10
211	265	9
266	191	1
165	254	10
257	184	10
17	268	4
29	198	4
257	34	10
52	185	4
281	173	9
255	37	5
259	193	10
259	212	10
46	103	4
80	135	6
69	266	4
209	278	4
154	189	10
255	53	10
109	7	6
165	140	10
127	115	10
62	138	10
68	124	9
159	108	4
28	172	4
262	94	9
184	9	7
121	171	9
93	57	9
255	163	10
126	228	10
105	32	9
279	129	10
64	94	9
255	28	10
115	160	10
279	106	10
47	3	4
110	93	10
154	50	10
256	168	9
62	213	10
62	184	10
110	74	10
199	135	6
254	103	4
259	34	10
281	267	9
215	214	8
237	238	4
181	3	4
62	146	6
117	135	3
126	146	3
165	163	10
109	251	10
123	157	10
72	108	4
187	116	4
244	96	9
29	54	9
29	247	4
78	20	8
83	3	4
207	89	10
269	124	9
8	271	7
211	286	9
159	32	9
109	74	10
126	233	10
8	7	6
266	267	0
201	173	9
187	146	6
289	200	4
110	68	10
39	170	9
28	7	6
228	107	4
32	168	2
279	149	10
179	33	10
110	215	10
207	120	10
255	25	10
104	139	7
162	91	7
108	54	0
255	244	10
110	107	4
197	265	9
277	146	6
232	271	7
157	198	4
215	238	4
127	79	10
269	116	4
141	185	4
167	168	9
110	285	10
126	182	10
150	123	10
69	32	9
104	137	7
237	54	9
285	94	9
75	204	9
26	204	9
101	89	10
179	142	10
234	96	9
183	9	7
233	7	6
126	257	10
257	228	10
143	172	4
165	102	10
150	78	10
52	124	9
288	137	7
197	152	4
232	14	6
145	146	6
217	111	4
288	37	5
115	284	10
260	33	10
75	30	4
169	30	4
236	171	9
271	7	3
281	108	4
47	152	4
87	181	10
224	32	9
78	82	10
279	1	10
92	54	9
62	106	10
260	37	5
179	237	10
126	259	10
177	135	6
89	168	9
91	14	3
104	249	10
110	147	10
70	135	6
229	168	9
276	146	3
288	124	9
192	203	4
25	278	4
195	249	10
279	36	10
72	227	4
224	117	7
2	94	9
141	101	10
164	116	4
69	111	4
183	172	4
110	148	10
207	180	10
164	198	4
102	112	9
98	290	4
141	164	10
121	103	4
15	204	9
165	288	10
197	135	6
269	59	10
259	52	10
116	124	0
288	198	4
141	139	7
126	143	10
273	290	4
165	7	6
141	160	10
231	56	4
279	244	10
24	124	9
179	18	10
259	147	10
257	262	10
50	20	4
101	163	10
288	111	4
69	170	9
255	98	10
62	134	10
36	30	4
62	236	10
15	239	9
260	34	10
120	124	9
279	11	10
34	138	10
179	71	7
279	288	10
110	168	9
93	9	7
165	162	10
237	94	9
212	37	5
110	94	9
109	108	8
15	238	4
93	290	4
133	32	9
180	96	9
153	193	10
109	106	10
149	57	9
115	7	6
279	185	4
178	166	7
285	59	10
201	75	10
17	32	9
257	138	10
179	102	10
78	111	4
74	96	9
115	254	10
282	86	10
25	198	4
87	135	6
18	9	7
85	172	4
133	14	6
264	108	4
115	144	10
280	187	10
279	201	10
121	117	7
109	175	10
281	209	10
144	135	6
113	166	7
74	14	6
150	139	7
259	174	10
181	77	9
93	103	8
201	54	9
104	287	10
279	61	10
126	109	10
53	203	4
175	112	9
137	7	3
259	228	10
179	46	10
207	215	10
19	238	4
101	266	4
136	32	9
219	168	9
193	152	4
207	282	10
22	208	7
212	206	4
228	30	4
165	75	10
219	227	4
257	14	6
176	185	4
72	198	4
251	290	4
46	95	4
269	32	9
153	5	10
199	290	4
236	172	4
285	185	4
127	279	10
86	94	9
154	267	9
249	242	4
219	30	4
98	214	4
6	96	9
141	207	10
201	32	9
151	94	9
259	95	8
34	251	10
282	238	4
129	96	9
179	184	10
102	57	9
100	163	10
99	175	10
179	59	10
62	288	10
34	175	10
115	34	10
257	256	10
148	112	9
219	108	4
53	172	4
126	245	10
163	198	4
39	239	9
127	259	10
256	111	4
104	215	10
209	96	9
0	172	4
126	211	10
244	166	7
270	112	9
46	23	5
109	32	9
131	239	9
52	32	9
253	218	5
183	239	9
141	125	10
154	54	9
164	200	4
29	7	6
229	37	5
179	10	10
47	185	4
141	189	10
207	50	10
65	278	4
64	239	9
123	227	4
102	111	4
255	196	10
136	168	9
109	10	10
78	112	9
114	36	10
259	142	10
155	203	4
179	19	10
43	271	7
28	185	4
125	94	9
255	127	10
235	50	10
49	54	9
62	61	10
154	266	4
115	78	10
226	290	4
259	37	5
101	191	4
115	198	4
288	135	6
270	227	4
289	185	4
233	32	9
212	238	4
78	182	10
249	94	9
264	168	9
24	168	9
136	227	4
259	120	10
212	198	4
51	238	4
165	46	10
154	111	4
258	168	9
42	135	3
109	129	10
109	273	10
114	30	4
90	30	4
133	168	9
251	168	9
175	185	4
153	41	10
15	20	4
18	194	4
201	155	10
255	135	6
52	95	4
147	30	4
126	210	10
229	9	7
104	60	5
184	54	9
115	168	9
109	78	10
121	133	10
82	276	7
259	25	10
21	135	3
154	171	9
78	56	4
86	206	4
126	41	10
255	94	9
115	4	10
179	137	7
257	217	10
224	54	9
82	198	4
207	259	10
189	54	9
110	34	10
126	83	10
259	180	10
210	203	4
187	263	7
145	206	4
114	137	5
115	213	10
104	61	10
258	32	9
102	216	7
110	19	10
132	108	4
114	89	10
23	14	3
189	206	4
105	108	4
150	239	9
279	0	10
153	135	3
165	142	10
165	132	10
260	198	4
177	96	9
171	170	2
269	242	4
84	146	3
141	95	4
109	278	4
207	106	10
33	117	7
33	209	10
134	190	9
114	57	9
58	135	3
219	57	9
8	290	4
76	238	4
169	108	4
179	107	4
70	54	9
134	266	4
113	111	4
213	137	7
115	185	4
189	239	9
61	124	9
104	288	10
133	185	4
59	57	9
87	32	9
115	93	10
59	173	9
201	53	10
257	233	10
132	32	9
62	215	10
165	236	10
178	23	7
98	23	5
98	124	9
80	137	7
236	32	9
115	75	10
115	169	10
211	185	4
240	204	9
109	101	10
215	239	9
19	37	5
39	7	6
93	239	9
219	124	9
10	7	6
141	199	10
37	14	3
283	32	9
195	54	9
260	175	10
257	75	10
257	169	10
126	179	10
127	4	10
67	54	9
15	198	4
79	290	4
130	54	9
281	290	4
165	118	10
115	72	10
260	1	10
62	55	10
255	45	10
109	236	10
255	285	10
207	174	10
165	256	10
145	122	4
82	238	4
121	112	9
74	160	10
109	277	10
279	125	10
159	30	4
114	98	10
0	56	4
27	14	3
274	30	4
10	108	4
257	272	10
92	108	4
180	94	9
260	213	10
264	14	6
154	243	4
109	76	10
155	172	4
258	30	4
118	214	4
212	87	10
270	14	6
249	168	9
115	189	10
104	1	10
163	95	4
186	220	4
255	26	10
178	202	9
255	130	10
244	103	4
285	30	4
105	168	9
207	197	10
126	240	10
184	263	7
147	198	4
154	227	4
38	108	4
257	28	10
265	77	2
45	103	4
260	74	10
279	107	4
110	76	10
142	198	4
210	135	6
104	102	10
164	290	4
255	81	10
255	237	10
219	9	5
98	198	4
141	196	10
62	207	10
213	95	4
77	265	2
285	108	4
121	53	10
127	163	10
62	271	7
186	286	9
255	125	10
176	56	4
270	198	4
19	54	9
160	91	7
2	20	4
259	96	9
115	129	10
270	168	9
126	187	10
102	32	9
151	290	4
141	262	10
87	211	10
105	94	9
110	199	10
279	45	10
25	239	9
115	108	8
207	142	10
199	103	4
259	254	10
58	14	3
45	30	4
115	162	10
66	14	3
270	71	7
256	227	4
150	189	10
148	30	4
118	103	4
245	32	9
114	145	10
87	206	4
78	94	9
121	182	10
148	194	4
259	211	10
255	178	10
180	168	9
175	235	5
72	54	9
10	94	9
106	54	9
177	203	4
127	199	10
79	170	9
104	76	10
164	185	4
197	204	9
288	194	4
62	60	5
85	56	4
215	168	9
215	108	4
62	272	10
110	61	10
269	94	9
277	103	4
99	198	4
101	54	9
11	32	9
193	139	7
205	223	5
285	117	7
130	108	4
183	95	4
29	204	9
141	232	10
275	96	9
69	20	8
139	14	3
257	283	10
62	89	10
179	205	10
179	125	10
115	27	5
78	235	7
184	32	9
105	57	9
109	213	10
115	105	10
15	54	9
140	208	7
279	17	10
90	146	6
106	117	7
179	134	10
93	200	4
222	23	5
87	30	4
101	112	9
35	7	3
180	30	4
257	207	10
93	108	4
257	280	5
100	78	10
61	172	4
109	26	10
39	243	4
187	107	4
260	159	10
109	130	10
99	87	10
129	168	9
78	227	4
165	262	10
179	7	6
93	276	7
90	9	7
38	173	9
71	14	3
98	112	9
110	231	10
279	189	10
259	245	10
165	146	6
201	57	9
78	116	4
287	146	6
110	206	4
79	266	4
289	227	4
183	216	5
201	7	6
134	103	4
207	175	10
110	275	10
179	281	10
149	198	4
109	283	10
141	46	10
52	135	6
142	94	9
178	94	9
207	69	10
15	3	4
46	14	6
245	146	6
249	30	4
287	14	6
109	102	10
127	88	10
228	239	9
50	94	9
22	32	9
255	120	10
15	95	4
279	54	9
121	227	4
189	94	9
179	151	10
155	56	4
60	146	3
114	192	10
71	146	3
260	143	10
75	168	9
150	135	6
100	289	10
263	135	3
102	276	7
259	115	10
217	108	4
226	198	4
236	242	4
127	57	9
257	8	10
38	135	6
141	44	10
264	146	6
260	6	10
113	290	4
110	10	10
206	54	0
35	135	3
33	198	4
141	109	10
243	242	1
109	94	9
148	168	9
164	216	7
133	56	4
251	56	4
281	65	10
189	263	7
165	277	10
159	278	4
141	75	10
141	169	10
255	167	10
24	117	7
257	128	10
47	239	9
62	287	10
114	181	10
175	192	10
289	116	4
237	108	4
165	209	10
114	227	4
67	107	4
212	218	7
127	168	9
165	4	10
148	185	4
165	130	10
46	238	4
260	229	10
179	275	10
186	54	9
262	191	4
76	208	7
260	274	10
115	233	10
147	96	9
110	201	10
179	34	10
125	198	4
283	202	9
280	245	10
110	43	10
279	207	10
0	146	6
115	269	10
179	164	10
74	170	9
120	112	9
19	103	4
180	239	9
283	139	7
255	4	10
115	92	10
175	54	9
256	7	6
127	83	10
260	57	9
260	124	9
228	103	4
257	59	10
115	103	4
255	44	10
114	206	8
141	236	10
118	146	6
126	62	10
289	290	4
132	94	9
156	185	4
259	29	10
209	135	6
2	96	9
62	284	10
26	56	4
159	158	8
274	108	4
208	146	3
229	7	6
102	172	4
5	185	4
245	12	7
130	95	4
183	108	4
286	221	2
141	17	10
59	116	4
281	112	9
179	236	10
126	34	10
183	56	4
143	57	9
225	146	3
104	132	10
283	112	9
109	262	10
233	278	4
177	221	9
201	149	10
167	108	4
260	50	10
249	112	9
236	112	9
13	32	9
13	54	9
109	118	10
245	107	4
90	238	4
255	238	4
143	67	10
25	70	10
93	202	9
252	95	4
29	248	5
99	107	4
34	98	10
50	122	4
255	107	4
139	7	3
207	234	10
109	127	10
127	270	10
74	196	10
99	78	10
201	18	10
109	196	10
159	271	7
254	112	9
258	14	6
260	116	4
162	146	6
163	216	5
259	210	10
62	8	10
62	28	10
62	199	10
269	7	6
257	163	10
189	238	4
127	172	4
115	287	10
255	213	10
282	94	9
283	124	9
257	89	10
189	198	4
64	30	4
115	43	10
110	25	10
236	135	6
110	146	6
10	54	9
78	15	10
197	239	9
254	111	4
102	198	4
212	175	10
144	30	4
105	227	4
55	94	9
109	185	4
74	54	9
118	32	9
163	111	4
83	220	4
131	198	4
153	163	10
115	283	10
114	103	4
144	108	4
50	152	4
110	138	10
160	146	6
184	23	7
33	238	4
163	124	9
6	7	6
62	25	10
234	95	4
98	238	4
196	30	4
289	214	4
87	15	10
62	244	10
260	245	10
51	198	4
255	93	10
282	9	7
259	90	10
80	198	4
156	194	4
109	139	7
257	54	9
18	37	5
184	185	4
109	195	10
75	124	9
257	183	10
62	107	4
86	96	9
46	146	6
11	111	4
28	54	9
264	30	4
29	135	6
25	168	9
260	47	10
126	98	10
207	103	4
109	135	6
211	152	4
127	15	10
213	206	4
179	207	10
256	94	9
68	103	4
110	129	10
126	157	10
51	173	9
257	129	10
240	198	4
110	244	10
136	103	4
229	206	4
62	113	10
1	238	4
70	30	4
150	227	8
186	94	9
114	9	7
224	146	6
254	37	5
115	232	10
124	112	2
249	171	9
235	5	10
98	137	7
231	173	9
123	108	4
272	7	6
165	228	10
115	11	10
274	238	4
178	168	9
156	54	9
123	116	4
109	289	10
29	122	4
255	149	10
88	3	4
25	9	7
11	233	10
109	132	10
257	10	10
258	238	4
228	146	6
279	96	9
195	236	10
269	49	10
36	278	4
207	135	6
17	103	4
236	20	8
75	276	7
285	238	4
282	278	4
285	239	9
44	290	4
64	107	4
157	204	9
176	112	9
36	168	9
279	46	10
127	47	10
8	124	9
69	124	9
121	243	4
62	72	10
231	241	4
38	57	9
260	83	10
78	157	10
79	239	9
109	281	10
0	203	4
255	24	10
211	153	7
44	30	4
207	70	10
121	168	9
72	185	4
283	185	4
8	94	9
87	220	8
151	103	4
147	54	9
104	79	10
255	140	10
39	171	9
281	191	4
143	58	5
39	146	6
121	288	10
219	173	9
192	239	9
255	36	10
29	96	9
259	109	10
164	103	4
229	137	7
226	267	9
127	150	10
255	254	10
255	86	10
115	178	10
25	206	4
255	195	10
257	244	10
64	32	9
8	103	4
40	221	9
255	162	10
269	54	9
209	14	6
163	116	4
34	168	9
234	37	5
78	145	10
141	284	10
120	168	9
175	198	4
127	197	10
104	25	10
117	14	3
177	77	9
287	172	4
109	11	10
154	103	4
257	17	10
100	135	3
179	17	10
205	108	4
201	148	10
89	96	9
193	204	9
232	238	4
179	167	10
164	112	9
244	146	6
267	190	2
270	116	4
119	14	3
147	290	4
115	249	10
109	274	10
110	284	10
255	288	10
245	54	9
62	54	9
213	103	4
11	227	4
231	168	9
78	198	4
131	168	9
260	279	10
255	105	10
179	216	7
109	81	10
121	2	10
179	136	10
195	46	10
233	58	5
255	160	10
115	28	10
136	111	4
179	139	7
153	197	10
120	103	4
270	111	4
104	92	10
165	121	10
46	94	9
288	103	4
277	14	6
163	168	9
102	146	6
207	233	10
192	137	7
126	89	10
279	95	4
273	7	6
252	126	5
38	168	9
115	251	10
160	198	4
109	87	10
153	47	10
177	265	9
282	175	10
0	290	4
104	231	10
257	201	10
62	201	10
62	127	10
259	70	10
259	94	9
88	221	9
255	61	10
145	20	4
279	86	10
115	54	9
270	290	4
178	37	5
254	108	4
39	96	9
258	239	9
87	80	10
255	95	4
138	54	9
279	154	10
211	3	4
104	275	10
273	108	4
126	74	10
195	121	10
254	116	4
183	96	9
220	221	0
89	135	6
149	139	7
231	30	4
207	228	10
235	135	3
229	108	4
83	203	4
127	181	10
121	29	10
75	202	9
192	146	6
113	124	9
62	183	10
127	14	6
179	109	10
115	87	10
165	244	10
123	185	4
257	151	10
52	173	9
165	259	10
285	107	4
271	135	3
138	214	4
253	37	5
275	146	6
179	284	10
289	32	9
127	244	10
165	11	10
115	228	10
205	96	9
26	198	4
115	94	9
70	206	4
257	159	10
141	273	10
104	237	10
232	239	9
110	189	10
281	7	6
75	23	5
130	32	9
259	239	9
145	94	9
193	54	9
100	283	10
228	290	4
79	95	4
22	21	7
256	271	7
197	54	9
99	139	7
259	189	10
167	146	6
249	137	7
50	95	4
259	156	10
255	249	10
134	267	9
99	206	4
79	96	9
87	186	10
86	198	4
260	270	10
110	134	10
283	239	9
236	54	9
164	137	7
260	88	10
229	35	5
76	198	4
281	117	7
127	36	10
29	137	7
154	168	9
237	235	5
193	185	4
115	79	10
272	146	6
143	168	9
6	168	9
195	262	10
110	130	10
126	7	3
62	121	10
115	149	10
183	124	9
55	54	9
226	170	9
126	141	10
281	170	9
46	30	4
141	129	10
69	135	6
68	168	9
255	11	10
148	172	4
155	139	7
134	239	9
36	7	6
195	196	10
244	238	4
133	204	9
47	238	4
26	135	6
285	231	10
62	238	4
191	266	1
109	270	10
260	87	10
28	238	4
126	99	10
259	19	10
154	186	10
55	290	4
259	253	10
197	77	9
228	94	9
62	198	4
262	185	4
74	32	9
274	190	9
46	54	9
150	175	10
110	273	10
127	213	10
126	159	10
134	185	4
150	95	4
179	86	10
262	171	9
260	70	10
104	134	10
249	239	9
234	175	10
283	94	9
110	283	10
244	94	9
179	290	8
59	268	4
53	173	9
141	180	10
6	58	5
234	278	4
22	223	5
114	88	10
33	58	5
99	94	9
141	98	10
201	131	10
159	146	6
141	256	10
62	283	10
106	95	4
277	54	9
141	54	9
240	95	4
19	198	4
22	54	9
192	223	5
257	270	10
169	185	4
257	278	4
89	198	4
104	38	10
104	219	10
279	163	10
179	76	10
257	136	10
80	221	9
48	135	3
257	137	7
259	249	10
115	14	6
262	146	6
1	32	9
169	14	6
121	191	4
11	117	7
282	54	9
257	26	10
62	26	10
260	150	10
87	185	4
183	173	9
259	60	5
24	290	4
143	198	4
262	54	9
143	116	4
150	7	6
51	204	9
224	30	4
10	30	4
145	152	4
114	2	10
179	273	10
289	23	5
226	95	4
82	96	9
52	96	9
115	217	10
179	198	4
101	242	4
237	242	4
93	37	5
207	226	10
106	168	9
260	162	10
2	286	9
24	30	4
62	125	10
102	58	5
226	14	6
253	32	9
179	283	10
80	3	4
282	163	10
65	135	6
118	7	6
110	17	10
127	50	10
141	260	10
113	135	6
282	218	5
73	146	3
115	19	10
150	87	10
257	69	10
164	172	4
89	30	4
89	94	9
74	191	4
121	192	10
28	14	6
257	284	10
126	229	10
46	239	9
283	208	7
127	74	10
33	30	4
235	83	10
245	94	9
123	96	9
67	168	9
133	194	4
37	135	3
19	30	4
174	239	9
207	258	10
154	190	9
234	214	8
110	8	10
157	122	4
68	94	9
277	7	6
212	289	10
283	135	6
180	185	4
179	270	10
271	14	3
133	203	4
226	117	7
62	9	7
89	185	4
283	108	4
127	56	4
101	98	10
87	2	10
259	110	10
104	72	10
162	96	9
76	96	9
123	197	10
257	127	10
192	198	4
282	239	9
143	173	9
257	196	10
260	142	10
110	196	10
18	168	9
165	131	10
249	290	4
207	160	10
38	111	4
67	238	4
109	287	10
113	112	9
215	231	10
110	45	10
39	135	6
245	278	4
127	1	10
145	265	9
34	96	9
88	20	4
147	32	9
181	54	9
255	264	10
211	95	4
259	39	10
219	56	4
141	28	10
254	168	9
289	111	4
51	54	9
109	8	10
244	290	4
215	98	10
142	95	4
109	36	10
259	275	10
67	58	5
181	286	9
134	108	4
109	69	10
215	114	10
141	81	10
141	237	10
104	273	10
279	70	10
196	171	9
212	94	9
157	286	9
279	136	10
105	173	9
181	204	9
22	263	7
270	95	4
131	103	4
21	14	3
260	82	10
152	77	0
141	7	6
165	238	4
165	290	8
153	80	10
26	290	4
207	163	10
105	103	4
196	198	4
177	122	4
235	177	10
75	137	5
143	32	9
259	168	9
2	152	4
199	198	4
288	139	7
15	221	9
141	290	8
115	143	10
33	168	9
19	135	6
179	75	10
211	204	9
67	200	4
141	33	10
101	190	9
257	251	10
257	133	10
83	238	4
207	110	10
281	171	9
255	289	10
165	281	10
109	215	10
120	290	4
157	238	4
98	91	7
210	238	4
127	30	4
252	94	9
238	239	0
43	290	4
197	122	4
260	156	10
86	54	9
195	32	9
279	290	8
179	44	10
269	146	6
126	55	10
180	137	7
207	274	10
42	7	3
257	232	10
215	96	9
114	86	10
115	264	10
93	111	4
213	198	4
209	241	4
165	155	10
126	274	10
165	269	10
115	135	6
147	146	6
5	204	9
255	287	10
176	9	7
257	144	10
19	94	9
233	243	4
215	185	4
231	117	7
127	135	6
193	203	4
40	203	4
255	34	10
259	108	4
165	289	10
175	135	6
44	146	6
141	283	10
62	189	10
2	95	4
257	0	10
76	139	7
211	94	9
289	194	4
153	82	10
113	198	4
127	255	10
110	113	10
228	198	4
141	19	10
215	107	4
141	92	10
79	168	9
115	272	10
127	145	10
2	3	4
64	58	5
279	127	10
181	96	9
279	196	10
156	204	9
34	10	10
99	289	10
155	198	4
143	96	9
165	79	10
127	229	10
38	172	4
61	7	6
177	185	4
51	116	4
65	146	6
75	56	4
134	14	6
62	44	10
279	19	10
127	130	10
74	238	4
115	276	7
142	227	4
255	78	10
254	124	9
144	146	6
121	15	10
212	278	4
233	206	4
115	53	10
234	7	6
257	53	10
93	135	6
262	263	7
127	7	6
279	92	10
207	270	10
274	290	4
109	239	9
131	32	9
52	238	4
114	15	10
281	64	10
288	71	7
234	198	4
259	141	10
178	108	4
87	108	4
62	129	10
104	94	9
105	54	9
89	278	4
179	98	10
279	101	10
92	94	9
131	238	4
140	168	9
74	134	10
141	249	10
257	206	4
285	54	9
2	135	6
127	143	10
102	290	4
110	123	10
148	7	6
93	112	9
33	107	4
288	239	9
67	146	6
104	109	10
89	239	9
61	103	4
165	43	10
176	116	4
259	232	10
260	163	10
233	239	9
39	238	4
44	103	4
255	198	4
273	14	6
34	70	10
110	237	10
215	251	10
255	76	10
255	199	10
279	114	10
46	190	9
139	135	3
235	197	10
159	107	4
26	185	4
123	278	4
175	214	4
126	15	10
138	32	9
273	170	9
207	159	10
224	268	4
109	260	10
115	39	10
179	176	10
40	198	4
283	206	4
46	108	4
192	71	7
11	116	4
110	136	10
86	239	9
274	95	4
75	172	4
141	127	10
181	223	5
183	185	4
207	22	10
123	192	10
101	123	10
259	123	10
187	278	4
115	147	10
5	71	7
78	50	10
28	23	5
130	103	4
259	177	10
52	54	9
233	170	9
100	7	3
127	257	10
15	220	4
123	111	4
143	222	10
38	112	9
281	111	4
110	53	10
163	227	4
164	103	8
70	124	9
0	198	4
263	14	3
165	219	10
189	290	4
184	94	9
257	45	10
193	265	9
177	238	4
109	33	10
115	281	10
104	167	10
257	98	10
257	178	10
99	278	4
99	283	10
141	55	10
145	221	9
147	95	4
179	25	10
62	144	10
78	194	4
175	2	10
288	238	4
160	168	9
113	7	6
88	122	4
207	6	10
279	273	10
130	238	4
109	259	10
26	124	9
150	96	9
1	290	4
19	168	9
136	54	9
254	94	9
279	76	10
104	105	10
148	94	9
260	209	10
140	94	9
87	239	9
156	37	5
229	158	8
125	54	9
143	56	4
50	185	4
181	239	9
184	108	4
154	198	4
70	31	8
123	82	10
180	108	4
104	9	7
154	82	10
259	238	4
150	36	10
141	275	10
110	39	10
114	6	10
123	32	9
211	77	9
93	32	9
255	290	8
82	23	5
101	278	8
207	54	9
260	99	10
104	142	10
118	227	4
78	239	9
165	113	10
133	54	9
251	54	9
195	14	6
165	183	10
46	261	5
273	103	4
69	290	4
279	226	10
102	200	4
183	112	9
127	183	10
183	194	4
110	251	10
99	86	10
18	103	4
222	208	7
110	101	10
79	108	4
270	239	9
287	94	9
62	0	10
232	103	4
259	229	10
228	185	4
215	138	10
174	135	6
26	168	9
259	80	10
179	128	10
109	233	10
279	121	10
138	103	4
186	208	7
199	96	9
255	72	10
217	124	9
249	108	4
34	239	9
212	283	10
254	96	9
207	99	10
115	195	10
5	238	4
25	37	5
219	54	9
183	91	7
110	180	10
260	173	9
121	41	10
141	114	10
280	85	10
245	185	4
212	107	4
255	1	10
260	111	4
104	130	10
109	61	10
76	135	6
115	106	10
104	160	10
121	172	4
126	81	10
126	237	10
212	219	10
138	117	7
53	194	4
62	10	10
109	151	10
114	11	10
8	108	4
104	44	10
114	159	10
207	141	10
101	172	4
62	229	10
127	192	10
62	86	10
141	281	10
175	239	9
75	94	9
169	94	9
143	64	10
93	103	4
91	135	3
104	101	10
219	111	4
102	194	4
165	249	10
86	30	4
36	35	5
121	267	9
232	185	4
257	46	10
233	267	9
25	135	6
253	94	9
109	288	10
251	7	6
165	215	10
110	26	10
109	154	10
15	286	9
19	91	7
215	94	9
118	14	6
85	84	5
174	263	7
106	94	9
123	145	10
217	168	9
113	168	9
234	185	4
89	290	4
217	227	4
121	111	4
87	5	10
277	30	4
115	22	10
87	95	4
187	238	4
260	106	10
255	17	10
262	103	4
78	95	4
55	238	4
207	165	10
34	11	10
179	121	10
115	184	10
82	204	9
18	276	7
115	231	10
197	95	4
67	94	9
62	227	8
257	70	10
253	185	4
183	57	9
80	95	4
52	23	7
126	134	10
90	276	7
282	198	4
78	5	10
257	125	10
259	99	10
257	24	10
207	74	10
240	238	4
165	45	10
1	170	9
205	185	4
114	283	10
279	59	10
99	108	8
253	198	4
163	7	6
69	96	9
154	124	9
160	238	4
149	32	9
28	124	9
101	124	9
104	184	10
255	258	10
257	229	10
104	185	4
62	45	10
235	181	10
141	87	10
163	239	9
24	146	6
43	14	6
234	218	7
154	29	10
110	60	5
181	265	9
154	137	7
127	108	4
134	238	4
180	95	4
255	183	10
127	282	10
175	41	10
10	168	9
260	113	10
153	88	10
1	266	4
163	14	6
215	123	10
281	172	4
134	32	9
154	197	10
36	117	7
235	82	10
245	14	6
249	198	4
127	110	10
254	185	4
110	162	10
236	108	4
253	206	4
259	160	10
179	196	10
106	7	6
49	30	4
126	270	10
231	108	4
100	87	10
113	56	4
257	86	10
282	137	7
70	57	9
279	280	7
141	206	4
45	54	9
46	171	9
207	132	10
100	86	10
212	216	7
75	111	4
132	14	6
279	238	4
126	78	10
27	7	3
209	95	4
229	185	4
260	109	10
129	185	4
127	175	10
28	168	9
99	189	10
110	269	10
62	81	10
62	237	10
72	146	6
121	5	10
72	94	9
127	55	10
104	254	10
114	211	10
110	98	10
259	7	6
176	14	6
87	198	4
131	94	9
52	111	4
178	198	4
279	44	10
259	55	10
125	37	7
115	260	10
104	121	10
126	70	10
125	95	4
126	189	10
215	9	7
236	243	4
201	93	10
101	94	9
127	107	4
233	146	6
74	30	4
281	57	9
145	14	6
232	146	6
279	22	10
104	154	10
179	219	10
228	238	4
115	215	10
63	14	3
207	15	10
51	112	9
193	94	9
179	101	10
228	108	4
184	276	7
187	239	9
53	23	5
36	32	9
150	114	10
165	26	10
61	32	9
34	278	4
150	185	4
78	54	9
40	220	4
253	239	9
10	227	4
44	14	6
201	289	10
163	30	4
126	80	10
29	238	4
165	18	10
25	7	6
255	89	10
229	218	7
88	239	9
254	290	4
142	96	9
141	136	10
259	22	10
244	267	9
212	123	10
121	173	9
143	117	7
226	242	4
90	239	9
45	170	9
259	226	10
235	47	10
78	2	10
62	239	9
175	15	10
269	191	4
192	94	9
189	276	7
179	14	6
157	54	9
143	54	9
13	94	9
141	142	10
263	146	3
175	193	10
212	78	10
165	81	10
165	237	10
207	157	10
255	22	10
234	114	10
62	14	6
210	94	9
165	167	10
127	104	10
104	93	10
273	266	4
0	135	6
37	7	3
110	228	10
207	79	10
141	123	10
36	94	9
114	99	10
61	168	9
110	238	4
269	239	9
45	94	9
234	78	10
181	71	7
8	112	9
115	183	10
273	32	9
243	171	0
68	108	4
155	30	4
207	255	10
120	172	4
257	238	4
46	168	9
274	103	4
144	32	9
215	54	9
65	94	9
127	41	10
51	152	4
104	14	6
147	239	9
18	216	7
199	94	9
25	107	4
2	220	4
148	56	4
129	54	9
232	198	4
104	205	10
192	20	4
25	30	4
89	153	7
236	124	9
93	172	4
114	108	4
62	139	7
102	30	4
52	239	9
257	131	10
183	32	9
269	117	7
192	221	9
285	103	4
83	265	9
213	30	4
78	122	8
130	290	4
185	198	1
109	4	10
172	173	0
195	101	10
255	142	10
120	135	6
101	32	9
255	9	7
164	14	6
18	7	6
209	139	7
121	94	9
192	122	4
165	54	9
288	202	9
104	7	6
110	232	10
78	214	4
141	151	10
201	198	4
167	208	7
259	135	6
179	189	10
34	214	8
101	108	4
140	227	4
67	198	4
110	106	10
154	112	9
270	238	4
234	289	10
5	54	9
207	229	10
52	204	9
126	234	10
282	37	5
116	111	1
259	157	10
260	165	10
160	185	4
127	33	10
289	112	9
107	185	1
126	1	10
154	157	10
164	58	5
113	116	4
75	112	9
259	198	4
85	230	5
90	198	4
43	103	4
141	184	10
259	30	4
28	27	7
28	200	4
65	107	4
257	4	10
260	39	10
233	238	4
189	135	6
150	89	10
64	200	4
110	118	10
121	54	9
207	34	10
126	232	10
154	30	4
260	183	10
109	163	10
126	163	10
129	95	4
255	151	10
33	54	9
259	183	10
282	95	4
126	90	10
87	278	4
257	120	10
147	168	9
0	94	9
55	168	9
156	95	4
260	19	10
274	94	9
262	32	9
11	206	4
255	284	10
52	172	4
102	124	9
127	81	10
167	30	4
74	171	9
113	185	4
279	28	10
260	146	6
140	103	4
50	198	4
44	54	9
127	51	10
251	117	7
87	157	10
100	98	10
62	135	6
147	117	7
257	185	4
34	283	10
280	279	10
74	226	10
154	193	10
95	96	0
257	260	10
165	126	5
279	195	10
195	274	10
65	60	5
74	168	9
163	135	6
255	128	10
167	14	6
163	137	7
6	37	5
127	98	10
68	117	7
70	278	4
62	289	10
252	290	8
141	137	7
70	95	4
115	125	10
131	54	9
249	124	9
164	32	9
180	111	4
62	92	10
101	243	4
233	158	8
115	81	10
115	237	10
283	7	6
277	108	4
40	94	9
29	95	4
141	18	10
55	91	7
86	238	4
260	135	6
165	0	10
251	227	4
237	32	9
59	7	6
165	148	10
145	135	6
234	219	10
43	7	6
46	107	4
115	68	10
281	242	4
126	258	10
82	54	9
93	7	6
120	57	9
127	179	10
25	283	10
199	170	9
274	54	9
279	132	10
110	207	10
17	94	9
244	30	4
176	30	4
115	275	10
287	7	6
114	163	10
192	204	9
165	1	10
186	96	9
0	54	9
22	172	4
127	94	9
257	281	10
102	173	9
110	95	4
217	146	6
141	8	10
162	95	4
87	50	10
114	54	9
38	7	6
219	172	4
259	255	10
109	46	10
279	120	10
28	116	4
232	227	4
46	263	7
162	54	9
132	168	9
148	202	9
181	146	6
177	239	9
126	175	10
34	198	4
109	168	9
210	239	9
169	239	9
75	239	9
121	135	6
127	198	4
176	32	9
233	103	4
109	290	4
0	204	9
179	274	10
64	7	6
207	193	10
257	189	10
126	192	10
160	30	4
109	180	10
83	198	4
110	46	10
141	195	10
249	227	4
80	152	4
8	111	4
186	95	4
104	140	10
255	79	10
30	32	0
154	185	4
126	213	10
164	218	7
231	32	9
86	168	9
104	207	10
6	198	4
147	14	6
51	57	9
164	111	4
115	114	10
55	171	9
141	34	10
179	277	10
154	41	10
289	54	9
83	185	4
269	168	9
141	231	10
217	135	6
110	160	10
111	116	1
104	285	10
127	106	10
282	7	6
70	112	9
213	107	4
226	238	4
104	162	10
46	135	6
134	96	9
177	152	4
143	124	9
11	214	4
201	0	10
260	81	10
260	237	10
165	94	9
176	94	9
184	198	4
181	185	4
259	41	10
180	238	4
115	18	10
121	108	4
62	76	10
178	185	4
165	129	10
62	118	10
106	30	4
257	143	10
68	32	9
174	198	4
136	172	4
102	135	6
281	257	10
115	32	9
104	19	10
6	94	9
46	225	7
254	7	6
85	30	4
179	45	10
121	30	4
104	147	10
110	254	10
289	278	4
65	14	6
186	265	9
193	96	9
120	23	5
259	6	10
62	24	10
110	195	10
234	123	10
159	37	5
127	116	4
19	108	4
279	123	10
126	106	10
0	238	4
249	238	4
281	141	10
207	104	10
144	171	9
288	94	9
59	111	4
174	96	9
121	211	10
78	32	9
179	78	10
141	89	10
127	226	10
114	179	10
62	254	10
273	171	9
62	195	10
195	74	10
50	265	9
231	7	6
207	5	10
2	122	4
46	96	9
110	236	10
98	194	4
93	216	7
165	74	10
134	290	4
106	107	4
260	212	10
259	125	10
51	168	9
262	290	4
126	25	10
109	25	10
257	148	10
33	59	10
279	281	10
260	205	10
184	135	6
273	168	9
249	191	4
11	94	9
86	278	4
274	239	9
257	149	10
207	41	10
184	103	4
163	185	4
25	289	10
289	238	4
258	198	4
141	22	10
93	173	9
99	98	10
18	290	4
0	137	7
110	18	10
186	198	4
76	239	9
104	107	4
259	159	10
62	154	10
195	244	10
120	23	7
62	105	10
92	135	6
205	198	4
141	120	10
192	185	4
150	9	7
62	160	10
22	239	9
249	32	9
149	168	9
279	140	10
179	232	10
282	185	4
109	9	7
149	238	4
177	198	4
85	94	9
109	28	10
201	290	4
115	142	10
18	103	8
85	135	6
186	203	4
5	135	6
277	111	4
123	124	9
121	157	10
115	123	10
39	23	7
249	96	9
176	216	5
125	96	9
123	15	10
141	10	10
102	280	7
259	285	10
255	201	10
235	157	10
104	164	10
179	69	10
